100
I 4404 8 9223
I 3264 5 4411
I 4670 4 8411
I 6010 5 8242
I 4462 7 9505
I 3267 8 5653
I 1804 5 3171
I 8464 4 9257
D 5599 3 9919
D 9123 5 9950
D 9371 5 9767
D 1790 4 2030
D 2744 5 3291
D 4882 4 9240
D 7387 8 9938
I 5751 8 7791
D 4108 3 8904
D 9883 6 9927
D 7182 7 7249
I 7631 3 9896
D 8695 6 9343
D 7973 6 8011
D 3364 3 8320
D 3234 6 9020
D 8674 4 8798
D 3913 3 7075
I 3912 8 7149
I 6913 5 9836
I 6381 8 9244
D 8308 8 9787
D 3847 3 4705
I 1732 7 4848
I 4754 3 8010
D 2728 8 9092
D 9576 4 9761
I 7309 4 9358
D 8893 8 9202
D 9009 8 9673
I 5908 8 6484
D 3349 5 4415
I 7942 3 9030
D 2879 3 8158
I 9311 4 9588
I 7687 5 8680
I 9600 6 9853
D 7169 6 8950
D 7238 6 9468
D 3998 4 5395
I 3930 7 8835
D 4872 5 7721
I 8507 8 9776
D 8564 4 9379
D 8510 3 9087
I 5639 6 6321
D 7183 8 8731
I 7239 8 7354
D 2113 8 3738
D 3666 3 4686
D 6030 5 7897
D 9609 3 9868
I 5721 7 8451
D 5833 8 9485
D 3165 3 8188
D 8011 3 8886
D 2739 5 7695
I 1788 3 9470
I 3120 7 3419
D 2312 8 2868
I 3961 7 7852
I 4692 7 5519
D 4770 7 9617
D 4936 3 9250
I 9556 3 9692
D 5157 6 8163
D 6382 5 7920
I 4074 7 9043
I 3080 7 8383
D 2681 8 9049
D 9774 4 9978
D 6516 6 9043
D 4018 4 4284
D 4240 7 6801
D 8149 7 8941
I 8652 5 9872
D 3644 8 7296
D 3085 5 6060
D 5997 3 8048
D 2071 6 2603
I 6960 6 9840
D 3504 4 7897
I 1663 8 2282
I 3296 6 6849
D 8039 4 8773
I 4769 3 7133
I 3660 3 4020
D 2818 5 9390
I 8001 4 9561
D 1034 8 2885
I 9623 3 9746
D 2077 3 8951
