500
I 41018 12 65314
I 72634 10 77421
I 77127 11 99072
I 47524 12 97462
I 89122 10 93497
I 83960 8 96968
I 73083 12 91311
D 93510 12 93677
D 99260 12 99374
D 51361 9 67237
D 74264 12 96346
D 63072 9 70588
I 46509 10 79454
D 34810 8 98587
D 45058 9 90364
D 38262 11 97574
D 46544 12 51566
I 34976 8 78513
D 34739 8 38696
I 19416 10 77804
I 28069 10 60040
I 97508 11 97925
D 38919 11 70081
I 65127 10 88288
D 30216 12 31935
D 19837 8 61144
I 64721 8 98042
I 10459 9 24814
D 67287 11 88819
I 36421 11 91119
D 26788 11 66969
D 86220 10 91131
D 22579 8 73102
D 85290 8 92289
D 87992 11 89085
I 14621 9 34458
D 37530 10 77663
D 25792 12 66279
I 58344 11 64327
I 83182 12 95238
I 59154 10 99685
I 93979 10 93996
I 82254 10 86219
D 95683 9 96918
I 93226 12 94313
D 44252 10 75777
D 16183 8 64738
D 20863 8 67740
D 20026 8 47748
I 47685 10 69586
I 73319 8 73935
D 36432 9 89034
I 61155 10 69982
D 11621 11 28667
I 38419 8 90555
D 25409 9 82623
D 98170 11 98675
I 22371 10 33880
D 38282 8 74374
I 41014 10 95981
D 45325 9 98640
I 86852 8 96375
I 64705 8 73564
I 93280 11 96530
D 98219 8 98224
D 81153 11 83342
I 89063 8 94846
I 40124 9 96617
D 69509 12 81438
D 18247 12 73013
I 36884 8 66507
D 14609 10 25875
D 84769 12 98902
I 71493 10 89274
I 97428 11 98169
I 64914 11 88574
I 70858 9 76693
I 37365 11 41224
I 45661 8 62407
D 50001 8 95932
D 58646 8 79987
I 60407 8 85572
I 50373 8 59969
D 16215 8 80719
D 66131 12 67578
D 55099 11 61561
I 54371 9 91061
D 74221 10 94719
D 30184 12 87863
I 51246 10 83580
D 97026 10 99022
D 15010 11 67614
D 51609 10 91508
I 93981 9 97544
D 41172 11 81299
D 88259 12 89907
D 17997 12 36068
D 61123 9 95922
D 85879 11 86688
I 45626 12 99216
I 85455 10 94186
I 40291 9 84780
D 33501 10 99716
D 78316 10 79312
D 89683 12 97851
I 94847 10 99073
I 16061 10 81178
I 80352 10 86407
D 21443 10 81644
I 52153 12 92947
I 63345 11 97583
I 73170 8 98959
D 70621 9 85587
D 12008 8 36798
I 36376 8 61825
I 44142 12 60064
D 77539 12 78435
D 97616 12 99471
I 12317 8 60914
I 70958 9 84422
I 89636 11 97589
I 25610 8 65770
D 75970 8 96151
D 10705 8 84216
D 50816 9 78902
I 96195 8 96537
D 27498 11 29474
D 94297 9 94661
I 70316 9 85809
D 91271 10 93613
I 67743 10 93103
D 86338 12 94242
I 82300 11 89478
D 22810 8 27190
D 87137 11 92893
I 19914 10 34224
D 46586 11 82438
D 65579 10 92783
I 40818 10 60070
I 27537 8 93722
D 35586 8 87517
I 15292 10 15852
I 64627 10 83331
I 81522 10 85732
D 84046 12 99753
D 54937 10 65047
D 80856 9 96428
I 76324 9 91996
D 25468 10 67610
D 34228 8 68569
I 62244 10 68708
I 82262 8 99130
I 90558 8 92048
I 21085 10 77479
I 74337 11 85625
D 29489 9 72282
D 32741 11 56011
D 83871 9 97538
D 30805 8 32710
D 37865 9 52264
I 47488 10 48937
I 99596 10 99793
I 53279 12 66298
D 37881 11 63268
I 91560 11 97445
I 55425 9 59899
I 61460 12 71566
D 14388 9 68964
I 32841 9 67463
D 10111 9 41857
D 76348 9 79674
I 29721 12 84254
I 83002 12 88337
I 43855 11 67821
D 13476 11 58359
I 84157 12 89603
I 22461 10 66509
D 46964 11 75784
I 97912 12 98922
D 36463 9 52702
I 13632 10 53469
I 52083 9 54420
I 14121 8 31773
I 86319 9 99980
D 58131 9 88011
D 44096 9 80384
I 53562 10 57764
I 82598 12 94313
I 25294 12 94030
I 41248 10 87834
I 94569 9 99569
D 83057 9 99205
D 66267 8 86088
D 10353 11 41163
I 10970 9 30740
D 55589 12 60330
D 79919 9 84814
I 90793 9 92186
D 87885 11 93387
I 97939 8 98500
I 26003 9 46120
I 89059 8 96452
D 12275 9 34256
I 94730 12 96077
D 23056 8 95878
D 74662 12 88048
I 30520 11 39154
D 79967 12 94111
I 22849 12 92777
D 45506 12 99171
D 89319 11 90747
D 80104 12 97139
D 42407 10 64542
I 79776 12 95838
D 13442 8 49386
D 19640 12 44699
D 91788 9 99394
I 61150 10 83362
I 25382 11 64572
I 17970 9 77467
D 15036 12 82372
I 85667 9 87870
D 74181 10 92194
D 68344 9 81940
D 38394 12 86306
D 25814 9 62628
I 47241 8 80688
I 81303 9 98656
I 52211 11 80535
D 98895 11 99447
D 91104 12 99226
D 54737 10 69375
D 39378 10 57752
D 31533 11 68635
D 53810 10 68822
I 74205 11 96727
I 10309 11 29971
D 56048 12 60333
I 81059 8 91805
I 89361 10 99320
I 83732 10 84774
D 66898 11 77735
I 85027 9 95433
I 81462 8 84700
D 36875 8 68749
I 86619 10 92275
I 66753 11 97768
D 56374 12 67109
D 15757 10 95240
D 25653 12 94725
D 82337 10 90380
D 34537 8 53469
I 97794 12 98773
I 79416 11 98721
D 42493 10 78038
D 70933 11 87463
D 21167 11 77525
D 23096 8 35212
I 76967 9 89950
I 32677 8 47133
D 77021 10 92636
I 23825 10 38702
D 84673 12 92478
I 56222 12 82602
I 95091 9 99815
I 64405 12 76545
D 87238 11 95591
D 15401 12 25951
D 55072 10 94103
D 64680 12 66687
I 38131 11 97333
D 88637 10 94248
I 95672 9 97046
D 58243 9 59157
I 81214 9 89790
D 95186 11 98876
D 89891 9 92308
I 74444 8 97028
D 49739 12 82365
I 25096 8 38405
I 39558 9 45943
I 52169 9 71117
I 63365 11 70913
D 46485 8 63651
D 61618 12 89559
D 56466 10 85477
D 12862 11 29927
I 23519 11 39426
D 67945 10 83906
I 68451 8 93553
I 49028 11 78361
D 12455 10 88110
D 27226 9 59858
D 45586 10 99373
I 56538 10 74197
I 40426 11 87157
D 19602 12 86863
I 74154 8 92680
I 83021 12 83479
I 60535 9 66235
I 88919 8 93242
I 29816 11 49439
D 53049 11 75933
I 76725 8 85286
I 46860 11 84531
D 36642 10 46845
I 48367 9 69539
I 75707 9 84733
I 42591 8 65872
D 51899 11 62540
I 60250 8 75412
D 30603 10 41226
D 28587 9 70623
D 10752 10 73965
D 34303 8 42990
I 15094 10 70385
D 22409 11 31006
D 49341 10 96937
I 92203 9 96504
I 83596 11 99638
I 73747 11 78484
I 86545 10 97059
D 26882 11 96975
D 65292 10 96146
I 77999 12 91500
I 49412 10 91265
I 69569 11 78898
I 11245 8 62264
I 46777 8 85153
I 51121 11 95065
D 91278 10 92436
I 46028 12 47027
D 42809 12 65484
D 82657 10 90677
I 43455 12 96751
I 29522 8 39516
D 71131 11 98416
I 43526 10 56691
D 51787 9 99555
I 88968 9 92702
D 49973 9 73275
D 81232 10 82116
D 68842 11 98779
I 13233 10 35671
I 34684 8 39717
I 76251 10 92716
D 43481 8 77121
D 50499 12 76979
I 41894 9 99864
D 30841 9 90681
D 79016 9 81140
D 85262 12 93702
I 75747 11 82762
D 84783 8 99165
I 56578 10 86148
D 27030 10 77751
I 12410 9 29483
I 50053 10 96843
D 17161 10 99841
I 65258 10 89399
D 55896 11 92862
D 98821 11 99446
D 32403 10 48687
D 16800 11 65926
I 77551 10 92446
D 10600 10 48168
I 81361 9 89000
D 56635 8 64675
I 43522 11 80181
I 28954 9 48638
D 44654 12 67258
D 66794 11 95545
D 88924 9 89661
D 52622 8 61910
D 36824 12 78976
I 13119 10 40930
D 56638 8 75100
I 22545 12 56036
I 62225 8 77466
I 78519 11 82815
I 25753 12 44289
D 45918 10 56447
I 11458 10 67641
I 53510 10 86785
I 81364 8 91623
D 75080 12 99256
I 14808 9 69565
D 74011 8 79117
D 96944 9 97940
I 23547 8 58539
D 16183 9 94396
I 43497 11 48492
D 82272 9 87914
D 65748 9 90794
I 70054 8 98085
D 70629 10 80117
I 51895 11 77734
D 76548 12 92246
I 43696 8 92733
I 65751 9 87565
D 93337 10 99124
I 40919 12 53497
I 76077 10 97496
D 18617 8 69585
D 38788 11 91042
D 73450 9 97427
D 69326 9 83135
I 34518 10 61896
I 68237 11 97879
I 19418 8 82993
D 65434 10 94805
D 67435 9 83715
I 26568 12 41714
D 28392 8 77234
I 52866 8 70190
I 53505 9 98138
I 26275 12 37372
I 10680 12 31845
D 49478 8 79915
D 49859 10 52048
I 12042 11 17477
D 59054 12 90115
D 15140 12 70621
D 98265 10 98827
D 25217 9 80922
D 97135 8 99060
I 96751 9 99031
I 29891 9 48210
D 18082 10 60592
I 93213 8 93839
D 35365 8 48509
D 81879 11 82651
I 39671 8 50199
I 22102 8 74047
I 49141 9 96445
D 20825 10 77320
I 16884 12 85548
D 65090 11 93207
D 13311 8 27644
D 20109 10 84383
D 98843 11 99034
I 34307 11 94864
D 97100 8 97931
D 92287 10 95772
D 86969 12 87677
D 60293 8 67014
D 32341 8 59752
D 89932 12 99888
I 69999 8 74872
D 85428 8 90353
D 32742 11 66877
D 32302 10 73491
D 30180 11 93956
I 83120 9 97321
I 79624 11 87430
I 37433 8 89837
I 33644 12 86245
I 29330 12 78951
D 34375 11 89643
I 63355 12 92233
I 72348 9 85409
D 44909 10 59863
D 77264 11 83427
D 76653 10 85195
I 31941 9 58647
I 86723 8 91292
D 73937 8 83663
D 66042 12 95660
D 81579 12 95996
D 42218 12 46178
I 23166 10 23499
D 77772 12 82770
D 63931 12 85605
I 39110 11 41549
D 98392 8 99699
I 56676 8 71983
D 55116 11 58853
D 93670 11 97298
D 32749 8 35792
I 31217 11 66123
I 51397 8 52170
I 40601 10 72918
D 94026 9 99424
D 57431 12 93284
I 38872 10 41236
I 11511 9 53182
I 75410 9 87608
D 18730 11 50661
D 31581 12 72530
D 88990 9 96044
I 94744 11 94782
I 10519 12 68588
D 55542 11 94093
D 44341 8 98200
I 41877 12 54002
I 85164 11 95022
D 17984 9 22526
D 47298 12 65528
I 80629 10 86466
D 54927 10 93005
