5000
I 789109 10 794596
I 709806 8 742341
I 742276 10 760190
I 716974 11 769781
I 774325 8 780461
I 767427 11 785466
D 735925 7 740199
D 792605 7 798179
I 775632 8 798697
D 768900 9 772677
D 795322 11 798901
I 737344 7 791855
I 749260 10 795206
D 787649 9 797184
D 725073 7 799599
D 712163 11 767238
D 721880 7 757363
D 764629 9 775810
I 727322 11 743700
I 750764 10 790320
D 753404 7 788078
I 726643 8 764886
D 756397 11 763066
D 700376 11 746960
D 779662 9 787634
D 737298 10 760413
D 710102 8 767534
D 743836 8 798930
D 761881 9 770040
D 732269 11 783117
I 708657 7 752972
I 788992 8 793937
D 797357 7 798692
I 756571 11 791332
I 783270 9 792378
D 703052 10 776450
I 711809 10 784909
I 754365 9 761886
D 798381 10 798587
D 730482 11 799089
D 768626 9 794530
D 753284 10 773432
I 730884 11 736020
I 709298 10 740405
I 719292 10 732116
D 777120 11 785573
D 788077 8 790658
I 761508 7 779209
D 772520 9 774719
I 748209 7 769978
D 776046 8 776406
D 761006 10 764720
D 733325 7 774417
D 719588 7 736537
D 716941 7 730323
D 735484 8 754098
D 757501 8 786873
I 768895 8 774085
I 769165 8 798081
D 760703 8 776438
D 725280 9 794168
D 721011 9 782563
D 742483 11 742935
D 779416 9 783329
D 711726 8 794400
I 724941 11 734639
I 748032 7 763565
I 709706 9 732395
I 730680 11 753995
I 794286 9 798890
D 709766 9 799101
I 776187 11 799333
D 767012 7 767621
I 714966 8 757522
D 742788 8 771700
D 702083 7 709025
I 711183 11 734482
D 784744 8 799971
I 782794 10 789006
I 781378 8 782839
D 789049 9 795306
D 717656 8 738191
D 737342 7 742485
D 770410 11 793656
D 748357 7 795177
I 766309 9 789351
D 731795 11 739059
I 714285 9 719219
D 711551 10 779389
I 719616 9 785676
D 765432 10 798638
I 797386 7 798089
I 708908 7 782111
I 783977 7 795770
I 798013 9 799175
D 724469 8 733344
D 746404 10 776390
D 701680 10 729389
I 788749 10 790317
I 753635 8 789589
I 710947 7 754432
I 708058 7 761856
I 786127 11 792174
D 712010 7 712011
D 742878 8 793154
D 703024 9 763679
I 768729 11 783362
I 775738 11 787052
I 720729 11 759747
D 734716 9 798920
I 726589 9 773588
I 743785 9 750491
I 733079 10 770228
D 777122 9 796961
I 751135 7 787781
I 780721 9 783445
D 747780 7 755724
D 793175 7 798649
D 727066 9 752702
D 797828 7 798030
I 790601 11 791407
I 722861 11 730582
I 754557 10 766859
I 766862 11 791292
I 798757 10 799888
D 704340 7 755198
I 714300 11 758019
D 719094 10 758314
I 716417 8 761570
I 715264 9 761660
D 730726 8 787009
I 794598 8 798470
D 719463 7 726643
I 781927 10 799810
D 703588 7 710163
I 798169 9 798510
D 732826 9 758062
D 736996 11 773111
D 764593 11 789390
D 758898 9 762536
D 762179 8 765240
I 723555 11 733221
I 784292 7 793773
I 781889 11 785166
D 773912 9 778639
I 765848 8 777634
I 725742 7 764935
I 792933 11 792976
D 774574 10 792042
I 785322 8 786391
D 773966 11 779670
I 760796 11 771227
I 709684 8 742250
I 786124 9 795673
D 785172 8 791819
I 786392 11 787047
I 765147 7 798558
I 725847 11 779116
I 727031 10 740824
I 734593 8 793877
I 756456 8 769592
D 791894 8 798401
D 737317 7 774522
D 717062 7 722421
I 733887 9 765695
D 733799 8 746064
I 737666 9 781188
I 744218 11 759542
I 741427 11 799096
D 703903 7 762583
I 743782 10 770626
I 730430 9 744878
D 740963 9 797598
D 781248 10 797060
D 707526 9 783490
I 730666 10 753449
D 722746 10 732865
D 798814 7 799598
I 751581 11 771577
D 747949 7 797614
I 799627 10 799632
D 758044 8 759324
D 787155 9 789206
D 762893 8 782509
D 774024 10 778754
I 752144 9 762600
D 702349 11 790187
I 759177 10 771889
D 717411 8 724636
D 703730 10 710487
D 718099 9 761717
I 705388 11 755435
D 744842 10 766260
I 737150 10 790067
I 703149 7 796125
I 711829 8 777796
D 771762 11 780917
D 715365 11 759075
D 782115 11 782939
I 765058 8 770684
I 770307 11 798099
D 793767 11 798606
D 785799 9 788314
D 780586 11 780930
D 713500 7 755237
I 732401 11 745898
I 733043 7 764717
I 729024 7 754946
I 725885 9 745087
I 768884 9 782125
D 704635 10 762899
I 738959 7 763849
I 730318 9 742851
I 723069 8 733342
D 769185 10 778932
I 715124 8 776669
D 787637 8 792664
D 770295 9 782259
D 702293 8 776621
D 735496 9 776794
I 707363 8 782043
I 786342 11 786700
I 719072 8 725660
D 779921 10 784761
D 727474 7 784974
D 712496 9 722832
I 772952 9 791720
D 737197 11 741293
D 793978 7 795583
I 742517 8 789722
D 783117 7 785151
D 793328 10 799999
I 742103 9 753539
D 701759 8 713093
I 760207 11 786527
D 792646 10 794760
D 790673 8 792949
D 793246 7 797274
D 727177 9 735327
I 760476 7 786486
D 719446 8 767539
I 792571 9 799475
I 796022 9 799244
I 767461 9 767980
D 739597 11 744539
D 754826 7 792661
D 719088 7 721561
I 761431 8 776309
D 702892 8 755523
I 762861 7 764975
I 715316 7 750614
D 789226 9 798467
D 768625 7 777090
I 791681 9 793115
I 755636 10 789731
D 707426 9 781613
D 721299 10 790399
I 796434 10 799798
D 796259 11 797605
D 790351 11 795430
D 733851 10 750885
D 797478 9 797913
I 722265 10 770327
D 704686 9 711725
I 719291 10 759403
I 789335 7 794917
I 750583 9 760004
D 798937 9 799320
D 766905 7 779965
D 717425 11 780905
I 794429 8 797133
D 750137 9 775078
I 732810 11 766591
I 707059 10 738035
I 775463 8 786930
I 794173 10 795105
I 784819 9 797119
D 782338 11 787536
I 761456 9 780659
I 739844 8 746952
I 798361 10 798683
D 716920 8 753974
D 755409 11 775338
D 799488 9 799806
I 709847 11 723082
I 758284 7 770690
I 740815 7 799311
I 799068 11 799970
D 758756 11 798167
D 771273 7 796851
I 710371 9 729528
D 789002 10 792696
D 731325 10 790437
I 789951 10 793774
D 781490 8 796783
D 719941 10 738762
D 728148 7 780249
I 745395 7 777069
D 773354 9 788312
I 782972 9 793481
I 738987 8 772743
D 792993 7 797965
I 701425 7 714580
I 725883 8 754150
I 702341 10 763601
D 721098 11 747237
D 760356 7 764713
D 756528 11 785634
I 741949 10 764957
D 740119 10 742508
I 755032 8 766499
I 769243 9 794344
D 738646 10 798329
D 725003 8 761243
D 733950 8 776627
I 706666 11 720732
D 759146 11 780914
I 752489 9 773182
I 729665 11 738275
D 714717 10 773806
D 706615 11 792265
D 774021 8 777508
I 789930 7 793992
D 732538 10 746876
I 741563 11 789573
I 728514 8 788691
I 741419 10 747929
D 761086 7 795178
D 777581 9 780020
I 778162 7 787981
D 717121 10 769055
D 720103 9 772102
D 719795 10 741335
D 783085 9 793666
I 700868 11 730096
D 789734 9 798983
I 715831 11 758734
D 796649 7 796684
I 749492 8 769016
I 793960 9 796818
D 798772 8 799230
D 749817 11 778609
D 732029 11 755451
I 705386 11 797287
D 793198 11 797450
I 797471 8 798820
D 773415 7 778549
D 788926 7 789311
D 788074 7 793914
D 703966 7 776024
I 707372 9 778180
D 718961 11 718987
I 774555 11 797405
I 783158 8 796773
I 750389 7 781567
I 783660 11 787797
I 764022 8 785205
I 792014 7 798819
I 720686 7 732832
I 743175 9 766409
D 783088 7 797668
I 766089 8 784255
D 730750 11 732415
I 764283 7 795000
I 782733 9 784330
I 728039 8 792591
D 755498 10 795805
D 789264 11 789795
D 721088 11 784409
D 730524 10 761998
I 767495 9 781159
D 750044 9 796323
I 709599 11 732463
D 796731 10 798554
D 711841 7 741981
D 717420 9 760515
D 729546 11 757409
D 792929 9 793784
I 741581 8 765724
I 743862 11 774173
I 709952 10 753384
D 797604 11 799199
I 733692 9 790226
D 762758 8 766160
I 739132 11 797742
I 790025 10 792942
I 787326 8 793828
D 729540 9 792086
I 751041 10 784427
I 711212 8 719913
I 764032 11 764288
I 714988 11 758471
D 785586 9 798367
D 754868 9 765311
I 772951 7 789191
D 714345 7 794522
D 754958 8 795149
D 711670 8 730287
I 746681 10 754060
D 794103 7 798713
I 739644 7 766704
D 700162 9 749407
D 758051 7 769429
D 728517 7 735110
I 798717 10 799390
D 790963 9 792428
I 725006 7 725383
D 769534 7 796066
I 762862 11 776394
I 715233 7 771256
I 775481 10 782446
D 749638 8 771921
I 734562 8 752952
I 739787 10 789266
D 756673 8 770255
I 749705 7 775273
D 793338 11 795930
I 770223 9 799857
D 779923 11 782613
D 763451 10 789367
I 752290 11 798582
I 719676 7 728761
D 712373 7 765882
I 761158 10 794073
I 775369 11 780615
D 703208 7 711015
I 725983 7 732751
I 795635 8 799387
D 766942 11 782448
I 707054 7 709872
D 723975 9 764765
I 767342 11 791365
I 706084 8 746277
D 760644 9 798586
I 712979 8 728255
I 780038 11 796202
D 789484 11 799700
D 749053 7 779653
D 721784 11 732928
I 782096 7 787562
D 774798 7 792716
I 779759 7 787794
I 779746 8 783021
I 736386 8 798339
I 766496 11 786065
D 734902 8 745865
I 736603 9 795076
D 722798 9 780401
D 719339 7 770215
D 739634 9 751589
D 725154 9 778204
D 745922 9 767257
D 713113 7 763447
D 750801 10 752910
I 775516 7 779269
I 758200 9 795990
D 726312 11 737854
I 769600 7 771054
I 719610 8 791265
D 721168 10 781050
I 750822 9 789973
I 783778 11 795820
D 798348 10 799413
I 736925 9 765469
D 791999 7 794609
D 700717 7 741057
I 721803 11 766341
I 747979 7 770586
I 707780 10 760817
I 750009 9 773475
D 726857 9 754128
D 703054 7 753347
I 722072 10 761100
I 784804 10 792827
D 776177 9 784617
D 767847 7 799074
I 718863 8 730626
D 756743 8 756748
D 775089 8 775564
D 799966 10 799982
I 758526 9 772194
I 756558 11 779492
D 761748 8 791338
D 796626 7 798792
I 713849 7 733186
I 788708 9 790899
I 791988 9 792394
I 756151 8 768985
I 794210 10 796675
D 788836 7 793513
D 739692 7 756088
D 768135 10 796792
D 779718 7 788971
D 763973 9 791780
I 771268 11 791395
I 751672 10 786543
D 794085 7 795121
D 724432 9 770370
D 744483 10 748568
D 780792 11 796722
I 736707 11 780904
D 727192 7 791059
D 722301 7 790350
D 789573 10 793812
D 765547 11 780351
D 777853 7 790523
D 717453 8 783910
I 712765 10 727165
D 773101 11 794667
D 704535 10 766971
D 713404 9 768195
D 701826 10 711184
D 799622 9 799781
D 767490 7 787229
D 773656 9 786745
D 735032 10 785691
D 783544 11 794257
I 760130 9 769101
I 737614 7 786097
I 729471 7 757636
D 745860 8 775551
I 717788 7 750990
D 777753 10 787277
I 749310 10 769476
I 776326 9 791412
I 783453 8 794689
I 768889 11 775263
D 783417 10 794751
D 704201 8 729594
I 722543 8 759272
I 781473 11 783764
I 757303 7 774616
I 709809 9 768403
I 739712 10 768105
I 786908 7 794724
D 769189 7 788666
D 799308 10 799639
I 742347 9 744069
I 795719 8 799303
D 790665 11 793805
D 761959 11 785705
D 705061 7 740147
D 787175 11 793743
I 761591 9 784901
I 718000 11 788811
I 788762 9 792339
I 744739 11 757497
I 787661 10 794669
I 718789 8 732199
I 780189 8 796233
I 734108 11 770386
D 768932 10 777025
D 703506 7 776295
D 742659 9 783549
I 724200 9 748945
I 784437 7 789175
I 752242 7 784351
I 778487 11 799418
D 755773 8 781984
I 783029 11 789095
I 787219 8 795069
I 728528 9 781710
D 766943 7 767088
D 799089 11 799952
I 755513 10 760631
D 718206 9 772094
I 735515 10 753086
I 721445 7 726314
I 759256 10 767314
D 748577 7 791903
D 781914 10 783504
D 784236 7 795541
I 713937 11 750721
I 753326 10 777940
D 714485 11 760878
I 747705 8 792027
D 794516 8 795533
I 783063 9 797687
I 741744 8 797534
D 728750 9 790774
D 723035 11 749517
D 749412 10 752472
I 793520 7 797958
I 763258 11 778690
I 727811 8 747734
D 729895 7 767805
I 702524 11 714358
D 776751 8 789466
D 796050 10 799200
D 762314 7 795314
I 753720 9 774169
I 736441 9 752077
D 740850 9 788042
D 715603 7 789913
I 787611 9 791352
I 711136 10 726581
I 785236 10 796330
I 761849 11 776806
D 701972 8 729279
I 733917 8 740570
D 757302 9 762495
D 745583 8 791566
I 739478 10 790173
I 790230 7 793262
D 761874 9 762293
I 709563 7 736645
D 750557 10 787988
D 704491 7 763009
I 729225 11 788813
I 715457 8 769134
D 763874 7 776502
I 772127 7 774580
I 799820 7 799993
D 714876 7 743186
I 721705 8 784098
I 734658 10 735400
I 777679 7 795824
I 797571 10 799943
I 788136 11 799644
D 774123 7 777985
D 748522 11 791572
D 776044 8 776528
D 765722 7 786618
I 766778 7 793135
I 788849 10 790276
I 757869 7 762033
D 732311 9 737505
I 783967 9 792107
I 763435 10 782081
D 704626 9 772239
D 793840 8 795000
I 799225 8 799353
D 789958 11 798346
D 722294 8 774433
I 743184 9 765562
D 775488 9 775685
I 777156 8 783162
I 750135 8 799039
I 786107 10 796654
D 744043 7 799979
D 780699 10 797161
D 750401 9 773389
D 756498 8 777918
I 732372 11 792527
D 702341 9 774638
D 736479 8 747625
D 757638 10 777963
D 746084 10 746368
I 703470 7 740275
D 797036 10 799385
D 747693 7 755144
D 755828 9 781536
I 765085 10 798643
D 775423 11 797662
D 799923 11 799945
I 785267 11 794089
I 710104 10 740735
D 786338 8 798901
D 790339 8 794159
D 734309 8 780259
I 785467 11 792900
I 791847 9 792322
D 706103 9 751032
D 765938 9 791300
I 772542 9 789142
I 784046 9 791689
D 713346 10 749191
D 789321 7 792782
D 778299 9 796401
D 749179 7 795073
I 776415 7 776871
D 797127 7 798128
D 764374 8 765434
D 797522 9 797661
I 729985 7 790835
D 711570 8 793120
D 736908 9 770766
D 768582 11 773649
D 776890 11 798892
I 747005 8 770362
D 786319 9 795453
I 779187 8 797979
I 727186 9 730255
I 778323 8 794916
I 785891 7 788969
I 707353 9 771670
D 793572 8 799690
I 777994 10 782834
I 772831 9 787361
I 780817 8 783889
D 775409 8 799981
I 796967 10 797371
D 722030 11 747309
I 731055 11 741424
I 734867 9 781919
I 709965 11 762231
I 758005 9 761706
I 708614 11 738399
I 714153 7 761625
D 793918 10 795561
I 770273 7 793001
I 765365 8 780493
D 765284 10 766226
D 710193 8 728794
I 702119 7 702951
I 703503 7 794558
I 788783 10 792503
D 750221 11 772493
D 797156 7 797854
I 736528 9 785555
D 725822 10 753365
I 770425 7 793228
D 756986 7 797224
I 755610 11 799392
D 701519 11 784316
I 792748 10 797981
I 729036 10 789474
D 771034 9 793554
D 721613 8 744302
D 756811 11 778905
D 748294 8 758860
D 746433 7 754736
D 749604 9 752906
D 796228 9 799488
D 737998 7 775071
I 783906 9 797618
D 706457 9 763893
D 726441 8 797963
I 755769 11 767876
D 753460 7 757980
I 708370 9 727959
I 756236 7 782293
D 742847 9 788233
I 782557 8 786312
I 703875 9 757670
I 791149 7 794711
D 710328 8 771684
D 702984 8 732606
D 745130 9 786725
D 708878 11 747543
I 767507 7 769480
D 787542 7 788598
I 745544 7 766818
D 783780 9 799104
I 704424 10 738667
D 795596 8 799141
D 788216 11 798506
D 759970 8 788935
I 719633 11 764930
I 784246 9 792327
I 746251 10 788586
D 751219 10 757788
I 714259 10 767533
D 754279 10 777589
D 762707 8 797322
I 701884 10 720340
I 711259 10 758326
I 737570 8 799220
D 796232 8 798075
D 780635 7 790776
I 745437 11 778388
I 786150 11 790111
D 755673 7 758731
I 729636 11 768248
D 715034 10 735467
I 701700 10 758339
D 769535 7 775640
I 701257 9 777088
I 749498 9 777458
I 715575 8 738373
D 743008 7 788863
D 749787 11 776073
D 772739 10 790870
D 777498 7 797259
I 775379 7 781264
I 765456 8 791611
D 715115 11 789833
I 777045 10 791068
D 766257 10 773528
I 773204 11 799627
I 718899 7 735037
I 775226 7 790881
D 705056 8 706519
I 769521 10 799826
I 725061 11 796183
I 758925 9 771831
D 740293 7 781322
I 721114 9 737340
D 756663 10 764084
D 770998 10 778204
I 752556 7 763577
D 784464 10 785454
I 726362 9 763843
D 786482 11 790739
D 731489 8 793482
D 704791 11 799275
D 743678 7 793072
D 717331 8 773386
D 705129 7 728105
D 726515 11 783999
D 748180 9 791585
I 707005 10 794205
D 787223 9 797661
D 787792 8 793825
D 781452 9 798343
I 742309 9 768018
D 792189 10 794309
D 786432 9 790579
I 797026 8 798870
I 773223 7 795221
D 705151 9 748676
I 798672 10 798945
D 742982 7 747815
D 738699 10 786354
I 750279 11 796455
I 780459 7 783935
I 768963 7 771714
D 723703 9 736597
I 733302 9 750439
D 764764 10 771175
D 744864 11 783377
I 721197 11 774379
I 715622 9 763132
I 783255 7 796207
D 700619 10 733635
I 702516 8 771773
D 766313 11 784063
D 786198 8 789458
I 752537 8 797732
I 773614 7 799972
I 712252 8 756078
D 723449 9 755554
I 791076 9 799355
I 745143 9 747630
D 757119 9 761973
D 782218 9 785502
I 719777 8 734728
I 774448 10 775279
I 739456 11 796758
I 776550 11 778323
I 767702 7 792063
D 798548 10 799787
I 768404 11 769110
D 757245 8 772280
I 776676 10 789959
D 717518 9 778161
D 783059 7 796559
I 764120 10 783021
D 748466 8 759932
D 722837 11 740556
D 731747 8 744098
I 703370 8 764402
I 731391 7 754232
D 759745 7 785808
I 741411 10 772478
I 701529 8 788142
I 737948 10 739979
D 727085 11 758278
I 759427 9 799343
D 778949 9 795941
D 751114 8 760882
D 740852 9 746862
I 700804 10 754481
I 726363 9 778692
D 783979 7 787713
D 797014 8 798202
D 720282 11 747340
D 703150 7 768417
I 720948 7 727891
I 784099 7 790198
D 720491 10 768780
I 790788 11 791775
I 724329 11 777571
D 715843 7 796111
D 768218 11 788353
D 790712 9 791612
I 702497 10 774177
I 763811 11 791524
I 746645 8 765574
D 719188 9 732891
D 773522 8 791646
I 702594 10 776967
I 778426 9 786166
D 764162 11 765719
D 770364 10 776850
I 784680 11 786724
I 725649 11 757852
I 745130 11 769895
I 753601 8 767483
I 774321 7 791175
I 797725 8 799020
D 749875 7 766354
D 748365 11 790842
I 797128 10 799625
D 797575 8 799398
I 798241 11 798669
I 741869 8 752813
I 784820 10 789992
I 787236 9 792846
D 792569 11 793754
D 718520 8 794773
D 770547 11 780596
I 753142 7 755514
I 785776 10 794738
D 731828 9 759794
D 782114 10 797970
I 758701 7 777151
D 758793 11 780680
D 719516 11 782027
D 710378 8 713505
D 770833 8 780999
D 798480 7 799922
D 775248 10 786649
I 757801 9 765363
I 708250 7 718080
I 776851 8 795156
D 738448 8 756169
I 745788 10 761442
D 722639 11 773471
D 747008 7 767949
I 763037 10 769896
I 745924 7 787753
I 784800 9 799255
D 788690 10 789658
I 792028 8 792198
D 794580 10 795092
I 754838 9 773438
I 712391 9 740615
D 733358 9 757090
D 772706 11 793449
I 789297 11 792793
D 751131 11 779478
D 790817 11 797068
D 798696 7 799950
D 757877 8 785009
I 786069 7 795179
I 762185 8 786412
D 735319 8 742987
I 754703 7 778289
D 759298 10 790672
D 772440 9 773075
I 767698 11 780177
I 780564 11 790822
I 795711 9 798492
D 750374 10 757954
I 703244 11 759129
I 751699 9 799983
I 780882 8 781659
I 758809 10 792969
D 767223 10 775997
I 769219 7 785326
D 748858 11 785558
I 795634 8 796062
D 702553 7 773882
D 749524 8 782652
I 799891 10 799990
I 777209 8 782626
D 725668 10 788884
I 705034 9 708135
I 708465 11 783647
I 789282 8 794820
I 707415 9 758189
D 738386 7 759960
D 799304 8 799371
D 759277 8 781094
D 780714 11 785467
I 707365 7 731765
I 781159 10 790933
I 792788 9 793943
D 750388 9 750899
D 791635 11 793517
D 766127 8 773004
D 760200 7 772882
D 764589 11 768435
I 735246 10 786982
D 727133 7 771412
I 774953 10 799805
D 734807 9 748027
D 769032 8 779360
I 745597 7 747564
D 725071 11 776679
D 788171 7 792816
D 703595 9 713890
I 777637 9 784199
D 703271 11 753268
I 735222 8 790138
D 785378 11 787684
D 769015 9 772006
I 770335 11 794897
D 799693 10 799743
I 759117 7 794765
I 779230 9 787670
I 726655 11 756473
D 730668 11 781742
D 725368 8 726942
D 748769 9 793603
D 743139 7 785765
D 732056 10 732503
I 745301 10 749170
I 755878 7 795771
I 761121 9 784817
D 736236 11 766868
D 798196 8 799453
I 739187 8 776813
D 775275 8 775483
D 729847 10 777946
I 727091 8 786295
D 787557 7 795413
D 712949 8 755621
I 716247 7 727650
I 763995 11 794328
D 797984 8 798271
D 715026 10 733188
I 739362 10 791664
D 784167 9 791962
I 716960 9 724238
D 799657 10 799789
D 741822 8 781454
D 753915 10 799556
D 718677 10 725765
D 727992 9 773203
I 709076 8 762216
D 725393 10 789303
D 747083 10 749747
I 772623 8 788631
D 730067 10 752872
I 749137 8 784695
D 794303 10 795400
D 742419 10 790894
I 747980 11 775589
D 784752 9 798788
I 797663 10 798107
D 768233 8 785134
I 776419 7 781152
D 761310 10 766850
D 741891 7 744310
I 712276 8 749281
D 773884 8 777892
D 715324 9 798863
I 732004 10 732179
D 765803 9 788849
I 745457 11 797518
D 707775 10 725532
D 758215 10 759578
I 719712 8 733716
D 729836 11 762975
D 733994 10 774617
I 768246 10 798146
I 779168 10 785438
I 703636 10 775236
D 734331 8 774033
I 700445 9 794893
D 736248 7 790353
I 721231 9 764096
D 748835 11 788842
D 720072 11 799775
D 788424 7 788821
D 795119 10 798580
I 735446 8 747833
D 754439 7 790773
I 787482 7 799191
I 780067 9 797768
D 762852 7 764191
D 742332 10 794432
I 792441 9 795275
I 726144 9 785537
D 709098 8 746462
I 786939 9 788108
I 786784 11 790180
I 744760 9 793885
D 755256 9 768065
D 741964 8 756537
I 765660 9 779414
D 720742 11 751173
D 773204 9 790451
D 721279 8 785920
D 767372 10 768350
D 797844 9 798959
I 723746 8 785463
I 732366 9 756709
D 715179 9 783682
I 736239 7 737309
D 706436 11 799450
D 766246 7 770304
D 714117 10 745368
D 729481 7 730983
D 714556 8 776478
I 768419 8 798430
D 793343 9 798477
D 729621 10 757959
D 771106 10 771255
D 763350 7 776274
I 757877 10 791366
I 707617 7 722601
D 739138 11 762833
D 776212 8 787428
D 728662 9 792714
I 768293 8 789487
I 770697 11 787022
D 712839 7 754306
I 769553 8 781323
D 720065 10 767103
D 706878 7 771008
I 707048 8 751301
D 709566 11 750802
D 722458 9 795720
I 733102 8 754708
D 728380 7 733935
I 732039 7 791766
I 797617 8 798239
D 726412 9 772212
D 775904 11 784378
I 730134 11 753468
D 791634 8 793580
D 700228 7 792044
I 719264 11 738594
I 732393 10 752398
I 714198 8 727309
I 797375 9 798485
D 706163 11 745243
D 773297 9 777179
I 787179 8 797050
I 712584 10 722047
I 742246 11 778241
I 790918 10 791317
D 798793 11 799482
D 719512 7 720811
I 776805 8 793112
I 707242 7 751221
D 700191 8 702395
I 764359 9 783235
I 770665 8 779103
I 700214 9 716970
D 757822 10 793019
I 758808 10 763713
I 770758 10 785978
D 783421 8 789470
I 779286 8 790521
I 709844 10 755171
I 743458 8 785433
I 777984 11 799742
I 765630 10 787653
I 725884 7 775527
D 717932 8 784639
I 763147 8 793954
I 793787 10 795247
I 724969 10 793331
D 710945 9 718402
D 763221 10 797862
D 765432 9 775363
D 739671 10 757905
D 757423 9 797848
D 715041 10 756387
D 757991 11 770719
D 715067 10 779999
D 760518 7 779213
D 710769 10 745362
D 797392 10 797742
D 790438 11 798074
I 794420 9 796775
I 702544 9 744876
D 789622 10 798557
I 741892 11 749880
D 774965 9 793970
I 721482 11 731206
D 783252 8 798915
D 767627 7 785808
D 742876 8 754025
D 785945 11 793484
D 734502 8 786589
I 763460 9 774236
D 719456 10 731293
I 752936 7 753660
D 792002 10 797528
D 735788 10 747807
I 770656 10 771215
D 724698 8 779357
D 745878 8 783486
D 757284 9 790394
I 797030 8 797534
D 757945 7 778663
I 787706 11 797328
I 716315 11 716790
I 712432 11 790291
D 730119 7 743334
D 740227 10 781429
I 741061 10 790927
I 727635 11 762377
I 767765 7 788950
I 789108 9 791942
I 737783 9 794982
D 749190 11 766117
I 767152 7 797190
I 756487 9 789815
D 707496 7 767704
D 790522 11 791414
D 772373 11 793101
D 755047 9 788729
D 756211 9 774445
D 734987 9 770972
D 742379 7 760753
D 732740 7 735365
I 751447 9 791809
D 769716 9 793911
D 742775 11 755461
D 791889 11 797349
D 733687 9 745293
I 746679 7 753574
I 720587 10 763656
I 786329 8 795350
D 790728 9 799842
I 714071 11 798100
D 712050 10 715812
I 722639 11 786616
D 738143 11 781163
I 724542 8 789312
D 768581 7 791179
D 711429 9 749310
D 799713 11 799857
D 738910 7 769802
I 716266 10 768104
I 767810 8 786452
I 755393 8 761751
D 756352 7 791291
D 755826 8 799395
I 744178 8 763341
D 726351 11 751302
D 793503 10 795408
D 753147 11 798274
I 731637 8 767638
I 737693 10 748341
I 757497 7 788683
D 723320 7 769260
D 776019 8 792604
D 716870 11 747789
I 754747 7 785849
D 754504 8 767211
D 787126 8 788090
D 769669 8 798088
D 715027 9 777732
I 760522 11 786666
D 755080 10 785722
D 759747 10 786414
D 745698 11 752079
I 768625 7 790696
D 704972 11 783736
I 765661 10 771889
I 776497 10 789574
I 737811 7 755252
D 794783 9 797583
I 770766 7 784273
I 762274 8 763107
D 789837 11 799675
D 706936 8 749058
D 779306 11 788732
I 738633 10 748390
I 728966 7 739410
I 785867 9 798233
D 763944 7 771172
D 753099 9 775413
I 798027 9 799113
D 757959 7 767463
I 759908 9 778062
I 775655 7 798210
D 789172 11 799774
D 710507 7 762003
I 737928 8 763774
I 717752 11 738457
I 776065 10 777781
D 757127 8 774249
D 700552 7 773563
I 757167 10 784691
D 766706 10 772914
D 775222 11 788382
D 727767 8 775331
D 714512 10 729939
D 737198 10 745591
I 728843 10 781807
I 748373 11 757483
D 736461 8 766789
D 731608 9 799099
I 745884 10 794491
D 797777 10 799699
D 714792 8 749265
I 784229 11 794746
I 756499 10 762991
I 711702 8 722406
D 777150 8 790161
I 702183 7 796203
D 786136 10 797199
D 789530 8 794355
D 797797 9 799732
I 740149 9 745230
D 726603 10 773355
D 798611 7 799959
I 780946 9 789819
I 783366 11 790409
D 782543 9 797323
I 731421 9 736546
I 707255 11 785864
D 779810 8 792612
I 741021 8 781129
D 793340 10 797971
I 769149 8 784079
I 743902 7 775981
I 719274 10 769925
I 757263 9 764253
I 727861 10 731823
I 707444 7 723742
D 719178 8 719621
D 728244 9 746949
D 744778 7 758832
D 764387 10 798965
I 708758 7 787291
D 747937 11 773743
D 718683 10 759201
I 791572 7 798014
D 768379 9 797563
D 724368 10 741199
I 793047 8 793735
I 744638 10 750796
I 782130 7 796814
I 720581 7 762175
I 786779 9 787356
D 704770 10 765698
I 738960 9 764984
I 701933 9 786906
I 777862 11 789946
I 771679 9 794942
I 725410 7 773076
D 771583 9 776966
D 707515 11 741002
I 736200 9 744705
I 773182 10 781229
I 769680 11 786424
D 717628 11 756691
D 736786 9 762924
D 775452 9 782387
I 797851 10 798659
D 764604 8 788721
I 703880 7 735414
D 713334 10 790061
D 789270 9 799432
I 785369 9 786645
I 759278 10 771014
D 787257 10 795966
D 700161 11 793329
I 793214 9 794724
D 729459 11 747010
D 713823 8 729732
I 713394 10 713639
D 708652 11 774958
D 713254 9 797504
I 720076 10 721028
D 716003 7 753049
I 791556 11 795829
D 753723 8 787904
I 707359 7 737396
D 709199 8 762222
I 745040 9 778572
D 755947 11 766745
D 720472 9 792337
D 734530 11 760185
D 720162 10 737538
D 758264 11 767892
D 785367 10 786291
I 714447 10 783871
I 706132 8 748048
D 710261 10 733973
I 749805 9 764288
D 715371 11 727589
I 746509 10 777042
D 768836 7 793062
I 727368 9 771101
I 740453 8 752967
I 741757 11 749782
D 707938 8 725737
D 736953 9 785905
D 794663 10 795606
D 710723 11 761113
D 749531 8 770093
D 729224 9 730250
I 787267 11 794805
I 734231 10 763992
D 771534 9 776805
I 726672 7 732319
I 735958 8 766681
I 746874 8 748897
I 773514 7 786009
D 700841 10 776167
D 744160 8 782933
I 711791 7 722170
D 713392 8 741055
I 778821 9 786355
I 701724 10 793552
D 756087 9 766855
I 799931 9 799960
D 767859 8 788804
I 794570 7 798890
D 756709 11 794470
D 737551 7 758353
I 791498 11 797612
D 715835 9 761256
I 799395 8 799843
I 712031 8 718301
I 727436 10 797550
I 775615 7 781837
D 799198 7 799618
I 758648 7 770949
I 710906 11 733751
D 736425 11 790995
D 768010 7 796876
D 776807 9 783305
I 792640 10 798944
I 701075 8 742844
D 724021 9 757931
I 703285 7 766677
I 785612 8 787046
I 719709 11 770401
D 742600 8 751014
I 745376 9 774578
D 721679 10 771455
I 779929 7 781184
I 708991 7 709131
I 784715 9 788514
D 797304 8 798603
D 783927 10 788757
D 781222 11 798738
D 700490 7 726033
I 740866 11 787155
D 798369 7 798908
D 781319 10 795910
I 729276 8 748886
D 794951 10 796519
I 769393 8 787914
I 745028 9 797284
I 719154 7 770264
I 706307 9 767148
D 771742 8 786992
I 785344 8 798959
D 760767 8 794469
I 746437 7 768368
D 724264 8 791891
D 767984 11 775700
D 708021 11 796280
I 705435 10 706425
D 795826 10 796614
I 762991 10 790579
D 751934 10 781346
I 708977 7 766409
I 740313 8 785793
I 795119 9 797104
I 718005 9 769907
D 792144 7 794149
I 737320 10 777633
I 781472 8 788749
I 723671 8 728831
D 750408 9 787352
I 740041 10 799463
D 703302 8 709414
I 777791 7 791927
D 715666 10 777843
D 728766 8 785661
D 753227 7 764756
D 762538 10 787061
D 776351 9 787514
D 729161 8 770038
I 752013 9 754458
D 775823 8 778705
I 744510 7 773925
D 712939 10 750591
I 751876 9 795424
D 788676 10 788841
D 746765 7 772305
I 769676 7 791981
D 796177 8 799144
I 750944 10 775775
I 748300 7 779916
I 786556 9 798122
D 722868 10 731934
I 729121 10 776069
I 788135 7 789949
D 713213 9 725025
D 798235 8 798968
D 772494 11 796105
I 700283 9 776480
D 708806 7 709467
D 728669 11 751584
D 726140 9 767703
I 746282 8 749333
I 721549 9 737173
D 733010 9 779613
I 788080 10 789914
I 786497 9 795441
D 757978 11 768326
D 768153 7 785590
D 784381 10 785826
I 724556 7 777104
D 760300 10 768243
I 717445 10 722567
I 796667 8 799283
D 786861 7 796110
I 724632 8 744827
I 766393 11 796851
D 740134 7 751340
I 726787 11 752394
I 720788 8 761324
I 766525 9 783005
D 748349 11 760489
D 773149 11 795905
I 717007 7 756398
I 754023 8 793696
D 743775 10 759199
D 701004 7 720478
D 730437 9 789814
I 715056 11 734323
I 700186 7 746163
I 796924 7 798164
I 767104 11 767290
D 786266 7 789954
D 713108 11 757125
D 708385 11 773282
D 760613 11 777146
D 775873 11 794205
D 708962 11 767709
D 796828 9 799390
D 720740 8 763599
D 731039 9 732925
D 761362 11 772974
D 782736 9 785337
I 748605 8 774520
I 743418 10 767927
I 723663 10 783095
I 734339 7 737313
I 787279 7 794147
I 753072 11 778122
I 785833 8 798843
D 704967 9 767210
D 791436 8 793902
I 728620 10 795097
I 781469 10 796671
I 743768 9 772581
I 757981 11 764798
D 731252 8 754214
I 710702 8 726004
D 757823 9 793652
I 758940 7 777607
I 754512 9 774045
D 772733 11 786877
D 756838 9 763256
I 730122 10 787338
I 787342 11 791762
I 790480 7 795703
I 741751 11 786188
D 719646 9 779945
D 783157 11 792145
I 788969 9 791961
D 700508 11 754140
D 763872 9 767514
D 722314 11 747981
D 777894 11 792549
I 724896 8 757756
I 734707 7 792828
I 798181 10 798963
D 796197 9 796792
D 779623 11 791893
D 750080 7 794925
D 779429 7 786870
D 767757 7 799549
I 764477 10 792690
D 759511 10 797581
I 708375 10 734228
D 719571 11 748288
D 748194 8 755689
D 736412 9 773245
D 755908 7 788696
I 789910 10 790182
I 782800 9 789921
D 779928 9 793589
D 717141 10 767112
I 725074 8 764635
I 750115 7 752191
D 723429 8 762490
I 759382 7 761892
D 752547 8 768916
D 704388 9 793576
I 789651 11 791796
D 728388 10 745760
I 761282 10 778365
I 738278 7 767841
I 729257 9 736102
D 764172 9 783647
I 765324 8 767357
D 717015 9 739201
I 722658 9 737225
D 792651 7 795535
I 708431 11 772846
D 704108 11 755898
D 775423 9 788704
D 737961 11 793768
D 738490 11 786345
D 734852 11 741484
D 726769 11 752323
D 799900 10 799997
I 713169 7 754561
D 734253 9 778085
I 774696 11 775593
I 796557 9 799147
D 700323 9 791166
I 790627 9 792905
I 717941 9 738526
I 792088 8 797470
I 789631 10 797234
I 708453 9 763536
I 755450 9 763264
I 764934 9 784937
D 711059 10 731879
I 783792 8 785716
D 739796 11 798490
I 788992 9 793772
D 757428 11 791041
D 719423 8 773156
D 729020 8 779360
D 707334 8 797874
D 736136 8 785203
D 798692 10 799170
I 714137 10 787070
I 762056 11 792856
D 784478 11 788013
I 744165 7 758267
D 737232 8 745596
D 702168 11 798783
I 774940 10 781222
I 753121 7 791984
I 796685 8 799542
I 721539 7 748849
D 728234 8 740334
I 706568 10 714598
D 773661 7 785654
D 785990 7 786762
D 738604 9 751701
D 732259 10 743054
D 728941 8 737117
D 723389 10 798841
I 730517 8 797255
I 711911 7 739238
I 705558 7 796354
I 708864 7 793576
I 719187 7 781691
D 768349 9 786010
D 715751 8 734817
I 707443 7 767564
I 736369 10 791678
D 788032 7 790897
D 713134 9 794621
D 787068 10 796763
D 787415 7 791868
I 754545 11 789321
I 732402 9 743792
I 716835 10 727133
D 781875 7 785328
I 762548 7 768583
I 750034 10 795076
D 797951 11 799530
I 702286 10 725025
I 750587 8 789169
I 739397 11 759489
I 712870 9 720476
D 775267 10 776273
I 787705 11 798216
D 782628 8 791937
D 787493 9 789827
D 708247 8 732118
D 712413 11 778600
D 775506 9 794433
I 760861 10 777739
I 746995 11 784232
D 750061 7 763535
I 763394 11 769499
I 768766 7 793421
I 769864 9 799056
D 718720 7 737694
D 763645 11 791857
D 767781 10 788067
D 708452 10 780971
D 779034 10 786680
I 724119 7 772227
I 794594 8 796774
I 724805 7 791826
I 780472 7 789958
I 730882 11 787908
D 734528 7 751278
D 705289 7 720132
D 719781 7 754746
I 703176 8 757782
D 790380 11 799459
I 707694 7 779850
D 703720 7 793663
D 769544 8 787224
D 775366 8 799638
I 723014 7 796233
I 779326 10 797897
D 772142 11 793757
I 750873 9 755980
D 733279 10 773057
D 719988 11 792652
D 789308 9 795377
I 767367 7 796456
I 707684 7 749185
D 793385 8 794910
D 742591 11 763253
D 702221 7 755182
I 765847 10 777545
D 723873 7 742487
I 774518 9 777544
I 767010 11 785446
D 759369 10 780070
I 715199 7 738198
I 720990 8 777162
I 768964 7 798670
I 701828 7 723656
D 755056 9 774568
D 722251 9 775255
I 715800 8 716406
D 740717 11 758952
D 740428 7 741867
I 764277 7 775250
I 749957 9 780655
D 779636 11 793172
I 726044 9 799448
D 716342 11 744661
D 764285 8 789322
I 717295 8 790413
I 764318 11 793609
I 793784 7 796190
D 704343 7 752249
D 787341 8 799646
D 714817 10 742455
I 741174 7 777192
D 769715 8 777193
I 764266 7 794815
I 774912 8 790019
I 794466 9 797519
D 707941 7 720514
D 777071 8 779270
D 713461 8 783153
I 777537 7 785195
D 786486 10 798231
D 753620 7 771693
I 773414 11 776845
D 772480 10 797597
D 742841 7 743972
I 718233 9 735305
I 721201 11 799839
I 707512 7 749463
D 776328 8 792302
D 758955 11 795787
D 799867 8 799872
D 718561 8 742350
D 703522 9 738557
D 716489 7 785780
D 734415 11 758469
D 701423 9 787550
I 760057 7 775146
I 715209 7 727184
D 747453 11 762208
D 788764 10 795951
I 715674 11 786873
I 717648 10 749183
I 704196 7 715232
D 734303 11 776949
I 724932 11 782273
D 780572 10 785952
D 751368 9 776771
D 757610 11 757965
I 781797 7 794009
D 731210 10 795897
I 772860 11 797655
D 774193 7 790040
D 768441 9 779149
D 789207 10 793291
I 735587 9 797948
D 716860 9 721975
D 739513 11 777215
D 759316 8 791030
D 747280 8 798803
I 774334 7 790534
D 792581 9 796602
I 765167 9 772562
D 780305 7 790210
D 767192 7 780282
I 746634 7 778985
D 750473 8 780606
I 799916 8 799935
I 788409 11 798683
D 729440 7 784242
D 793718 11 793853
D 742149 11 759684
I 706749 9 712171
D 768710 8 799404
I 748444 8 795138
D 719391 10 780420
I 743596 10 775890
D 701901 11 773379
I 751404 8 791817
D 774573 10 792404
I 751089 9 793552
D 708710 7 740744
D 781276 10 799505
D 776046 8 790573
D 767390 7 767974
D 777130 10 795872
D 780606 7 782008
I 785653 9 787680
D 750026 11 754725
I 718670 10 773458
I 709634 10 797378
I 798531 11 799238
D 756872 7 783063
D 798829 8 798980
I 707474 7 760954
I 752423 8 796776
D 781976 10 788018
I 773980 10 792177
D 771626 9 781136
D 765367 10 766141
D 791508 11 792721
I 702033 10 768957
D 773609 7 775765
I 746988 7 764638
I 729821 7 755077
D 734767 11 776206
I 730585 9 742081
D 761425 11 785974
D 724242 7 747709
D 757880 10 792871
I 721379 10 749443
I 767953 10 789736
I 703535 9 712429
I 728912 9 786150
D 750071 7 796850
D 705756 10 734282
D 770025 8 799538
D 780467 11 796916
D 713463 8 799927
D 770726 11 780111
I 759708 11 770351
I 773412 7 799117
D 787204 11 798317
D 723823 11 793919
D 718741 10 742315
D 738049 11 781502
I 785535 11 790434
I 741649 9 779604
I 793449 8 799250
D 786631 10 786758
I 746626 9 793921
I 765480 9 769650
D 709702 11 757567
D 751916 8 774030
D 748568 9 788286
I 791497 11 799677
I 796434 7 798458
D 733774 7 745684
D 739871 7 755270
D 798087 11 798813
I 735671 9 770479
D 704778 10 706214
I 714002 7 756094
D 708189 9 746565
D 792466 11 799705
D 709353 8 778229
I 759260 8 768038
I 755618 10 790588
D 739192 8 748131
D 721429 9 793248
D 748053 9 757419
I 772492 7 792528
I 769916 11 796934
I 786280 7 786314
I 731599 7 775844
I 706555 11 730720
I 797455 9 797783
D 753802 7 766464
D 795006 9 798035
I 704673 8 769859
D 735328 7 745076
D 727577 8 751773
I 747871 10 799348
I 734124 9 798438
D 730218 9 733574
I 758808 7 781357
I 709138 11 740018
D 758775 10 776596
D 715127 9 725306
I 731291 9 778595
I 716374 10 718198
D 740447 10 797742
I 770635 8 785322
I 780543 9 782906
D 745377 10 788854
D 776111 11 792826
D 737508 10 774510
D 709963 11 780743
I 737965 11 798665
I 791304 9 796519
D 779647 9 790555
I 779195 7 787897
D 748368 8 752704
D 783726 7 797512
I 718791 9 723567
D 795524 9 799230
D 779135 10 798214
D 751418 11 761001
I 723277 7 742199
D 741151 11 758459
D 730995 9 735576
I 700844 10 733558
I 763344 10 788411
D 794101 11 799470
I 762071 10 780552
D 770589 7 798944
D 767857 9 789213
D 779448 10 788691
I 751304 11 786555
I 790282 8 799707
D 798716 9 799184
I 774036 10 788583
D 762783 10 793291
I 783513 11 792432
I 779166 9 785620
I 705195 7 783389
I 753290 7 771777
I 748592 7 776977
D 755084 8 795260
D 760176 10 775712
D 736472 11 787895
I 721928 11 749319
D 793379 11 794549
D 761040 8 783174
I 700942 11 731116
I 769444 11 774556
D 713295 9 796537
I 702359 7 780337
D 730476 11 767649
I 760922 11 770352
D 732908 9 793574
I 738532 8 750735
D 722265 11 735443
D 758440 8 796988
I 763830 10 771140
D 778442 8 785606
I 729569 9 769375
I 790496 8 795889
D 783821 9 796903
I 724123 11 768075
I 705579 11 733801
I 723839 9 726632
D 783142 11 796039
D 797146 8 799394
D 704216 9 715519
D 703244 10 783143
D 772039 9 778445
D 793194 11 798433
I 705791 11 772779
D 749446 9 794781
I 741390 7 792116
I 735445 11 740591
D 780924 7 788157
D 786797 7 790416
D 777952 8 785659
D 742988 10 775628
D 738811 10 792716
I 758785 9 776927
I 748046 7 748977
I 786005 7 795757
D 710445 9 775150
I 781166 10 791854
D 708833 10 778698
I 783793 7 790459
I 744949 9 798277
I 751186 10 765702
I 793045 10 794674
I 749431 7 757252
D 747807 8 759890
I 727924 7 739954
I 789181 10 797239
D 722935 7 760067
D 755827 7 774177
D 718911 9 754555
D 741168 8 776779
D 775079 8 795900
I 771192 11 783296
D 733063 10 739069
D 765219 10 776074
I 788987 8 795445
D 750768 8 784684
D 746439 9 761765
I 732212 7 750035
I 723514 11 741641
D 766544 7 797375
D 790959 11 798606
D 750458 9 766534
D 787313 10 798533
D 765470 7 785450
D 795918 10 798679
I 708789 8 780500
I 731442 10 796171
D 776618 11 791731
D 798851 8 799421
D 772521 11 796701
I 790701 10 792837
I 756751 11 796846
D 769652 9 773871
I 785764 9 792415
I 723889 9 739510
D 715774 9 717113
I 786313 9 787810
I 704693 9 754216
I 707443 11 772139
I 778598 11 786290
D 743376 9 756484
D 716589 9 758457
I 708371 10 718039
D 738964 9 782416
I 709641 10 761540
I 783325 7 784622
I 743517 8 785856
D 798919 8 799529
I 797069 8 797244
I 796141 9 798210
I 790688 7 795688
D 776462 11 799142
D 727821 9 780848
I 791968 10 795416
I 762708 7 795202
I 768579 8 796610
I 721681 11 760224
I 716831 10 738740
I 770054 7 776768
I 727909 11 782542
D 717800 7 743462
D 739137 11 767306
D 730592 8 774030
I 700407 8 760845
D 792641 11 797288
I 784353 9 785808
I 748265 11 780277
I 727224 8 749718
D 714990 8 730668
D 733520 11 750008
D 776935 11 778445
I 741465 7 753001
I 755162 11 794220
I 727692 8 799582
D 769424 7 794458
D 756587 8 789593
I 764781 8 783442
D 704082 9 738474
D 706111 8 744199
D 788694 9 793607
I 745580 9 778687
I 784151 9 790912
I 773726 10 791995
I 731290 9 750856
I 709558 7 776301
D 735630 9 737129
D 756660 10 757248
I 743927 8 759027
D 744974 9 771299
I 732516 9 796501
I 745917 10 770850
D 759261 11 791768
D 789364 8 790517
I 710742 11 799552
I 798634 8 799427
I 743012 7 782994
I 763713 9 774836
I 757604 11 774789
I 754663 8 778605
D 715124 9 761394
I 780547 9 783712
D 726181 8 737591
D 764700 7 797596
D 721855 8 755461
D 758272 9 766637
D 711708 7 782566
D 709761 11 751654
D 750392 7 795415
D 701938 10 761205
D 741288 11 761862
D 780504 8 793703
D 764139 7 790920
I 768729 7 789494
D 712564 7 773019
D 720489 8 732349
D 792584 9 799382
D 748756 7 779033
D 716233 9 731642
D 721231 7 769957
I 734746 8 744917
I 709034 10 756137
I 794547 7 796882
D 717916 9 766778
I 744625 10 764056
D 745300 9 758727
I 715634 8 788671
D 764737 7 796904
I 779486 9 780948
I 752331 10 798131
D 729816 11 787555
I 742483 10 769033
D 770488 8 780901
I 753625 8 758314
I 784009 10 790919
I 724791 7 740408
D 766868 7 795375
D 784427 11 798806
D 728275 11 754609
I 705798 10 763289
I 763304 11 771838
D 747118 10 753080
D 720006 7 754377
I 791121 9 791999
D 739841 10 792056
I 777935 9 784941
D 727990 10 776187
D 797201 10 798179
I 771437 10 786145
I 750301 7 787399
I 778798 8 790162
I 775188 11 799716
I 724942 10 793044
I 778196 8 786752
I 718328 7 770264
I 700411 7 759872
D 701894 8 790637
I 712803 9 793414
I 737415 11 765278
D 780804 10 796346
D 777019 10 781750
D 735501 10 781724
D 784255 7 796499
I 744693 11 778266
I 750964 11 788474
D 749555 7 784761
D 767740 11 774993
D 782925 9 795399
I 771129 11 795844
I 769585 11 777740
D 798758 10 799738
I 730248 11 742548
I 773681 7 792495
D 735646 9 786554
D 749283 7 761163
D 774949 11 779854
I 783900 9 797282
D 765048 11 767813
D 700556 11 718694
I 729107 11 753904
I 778042 11 792602
D 757156 8 772008
I 797415 11 798518
I 729298 8 794965
I 778408 11 780517
D 793921 8 797674
D 740406 11 741719
D 760245 7 772307
D 760506 10 778235
D 726893 10 773701
I 703098 8 717917
I 731636 11 793810
D 783660 10 797904
D 764046 11 791596
D 702486 8 703471
D 709469 11 770159
D 720159 10 775412
D 735620 11 783283
D 757330 7 786655
D 723255 8 789198
I 721234 10 759379
D 799716 8 799973
I 799479 10 799621
D 749125 9 765570
D 793651 11 796331
I 778435 11 789144
D 766605 7 794462
I 737572 9 741088
I 767496 7 776710
D 778868 11 798033
D 758093 10 767819
D 797477 10 798921
D 735407 9 740751
I 732001 10 745898
I 714562 10 743307
D 708943 8 793026
D 762990 11 793573
I 751313 8 775544
I 737314 8 773399
I 762523 7 777371
D 741761 11 796790
D 771067 8 778101
I 742910 8 791770
I 711449 9 720931
D 742029 7 785513
I 739123 10 774767
I 793444 11 796575
I 756218 8 785085
D 751101 9 767743
I 776835 10 778157
I 734927 11 745865
I 764877 7 793556
D 714581 10 741987
I 728308 10 777034
D 726643 9 767560
D 762404 8 799084
D 734053 7 777974
I 748752 7 772194
I 772097 10 787774
I 719441 9 733131
I 773482 7 794325
I 711914 7 751458
I 794735 9 795848
D 785392 7 798536
I 787940 11 791626
D 738876 10 794991
D 744571 9 784209
I 784537 11 794406
D 759069 7 787646
D 780756 8 794427
I 734153 10 769057
D 767622 10 781876
D 731537 7 740033
I 784558 10 798627
I 793772 11 795442
I 795267 10 796361
I 723514 9 739018
D 778490 11 799054
D 781538 9 794669
I 767471 11 786414
I 770693 10 786756
D 712464 11 788944
D 719071 7 778687
D 712740 11 732417
I 778205 10 796514
I 791404 7 796408
D 774197 11 796506
I 701028 7 707891
I 787412 8 789606
I 722869 8 781911
D 716617 9 786955
I 798005 8 798477
I 730583 8 757051
D 756441 9 790573
I 720487 7 798193
I 784996 9 796239
D 730534 10 762610
D 704329 8 751269
D 792463 9 794292
D 773661 11 789212
I 704010 9 707364
I 793701 11 797356
D 733671 7 791062
D 792339 7 797391
I 745237 9 777777
I 792744 7 797904
D 718119 10 788902
D 710324 8 755263
I 762479 11 771749
I 798158 11 799979
D 761336 11 773846
I 739782 8 758190
I 758048 10 768331
I 747905 8 790125
D 798903 11 799742
I 759778 9 769250
D 797860 7 798282
I 735359 8 763433
I 778277 9 799547
I 777810 7 792203
I 772384 8 782554
D 787328 11 790561
D 756448 10 769337
D 723248 7 744022
D 706612 11 710084
D 786090 11 793728
D 739068 9 787931
D 722784 9 794040
D 742760 7 765621
D 778561 11 788977
I 708643 11 727811
I 797081 10 799247
I 780257 10 798474
D 789915 9 792815
I 740218 7 740323
D 771040 11 782287
D 705639 10 771831
I 719527 8 778010
I 738110 11 751818
I 707446 7 725307
I 744357 8 780369
I 773527 9 790696
I 716406 9 770500
I 770490 10 782427
D 783818 7 789501
D 790226 7 791679
I 742746 7 749827
I 722441 10 734184
I 726605 8 751068
D 752362 7 790142
D 746283 11 764564
I 784451 8 792558
I 737221 9 753868
D 779590 7 792822
I 756769 8 777987
D 714693 9 754881
D 773415 9 784313
I 722157 7 742348
I 728231 10 778230
D 782227 10 788616
I 792337 8 794626
D 742690 10 742830
D 771868 7 794241
D 755271 7 758340
I 770030 10 779647
D 703266 10 779270
I 783709 8 791271
D 752670 11 779879
D 797580 11 799812
I 727986 9 769114
I 739087 11 759353
D 727335 11 796536
I 755218 10 778129
I 710788 9 763491
D 712528 10 744691
I 729117 8 732852
I 723903 9 795077
I 765668 10 782177
D 732307 10 732601
D 742828 7 751527
I 724121 11 738275
I 762084 11 788934
I 760347 8 791404
I 732183 7 785750
I 704221 10 740269
D 785047 8 795092
D 715607 7 798451
I 717435 8 750633
I 789841 9 794393
I 704979 8 762645
D 797110 7 797390
I 734186 11 774077
D 759089 10 785281
I 739154 9 754569
I 723452 8 785530
I 789560 9 793929
D 758786 8 767942
I 783356 10 786766
I 728203 7 782048
D 746534 8 752349
D 781683 11 784760
I 707148 11 742547
I 714031 8 799171
I 797571 8 798394
D 795484 9 798044
I 723439 7 746897
I 752393 7 788853
D 713392 10 771427
I 783406 11 788714
D 739804 9 781262
D 755900 9 771812
D 744717 10 784016
D 760189 7 796542
I 783071 9 788962
I 706411 7 757922
D 743667 11 777974
I 778311 9 779192
I 798173 11 798783
I 792914 10 796845
I 783776 11 783988
D 741068 11 793957
D 770465 11 771420
I 756293 9 775790
D 728790 7 745852
I 779390 7 797019
D 768723 7 772600
I 701469 10 754257
D 779143 10 791081
D 759175 10 761838
I 761805 10 796956
I 721477 10 786006
I 709058 9 709819
I 713176 10 715532
D 743378 9 755710
I 772138 10 794748
I 773275 7 790304
D 793639 8 799381
D 719049 10 759794
I 789313 10 792441
I 751383 7 799188
I 710347 8 794528
I 735047 9 788708
I 778505 7 794978
I 715200 10 762483
D 748884 10 798539
I 709264 9 776445
D 703306 8 716400
D 734630 10 794388
I 760765 9 788448
I 783669 7 788796
I 729406 10 776146
D 744623 9 765194
D 767678 10 778473
I 716362 7 775793
I 731522 7 787166
D 766843 10 799221
I 739385 7 791121
D 756774 11 789383
I 754461 7 774846
I 786859 10 787924
D 745246 9 769508
I 739002 7 779350
I 783124 8 796126
I 715186 10 782483
I 755605 9 761882
D 786652 9 796092
D 767909 11 779713
D 713619 11 787143
I 740427 11 795390
D 734792 11 744202
D 735806 10 770616
D 731911 8 749909
I 740106 7 799602
I 781548 7 782479
I 709375 11 727623
I 770958 9 779640
D 772530 11 782958
D 776264 11 782812
I 716462 9 766819
D 754519 7 799904
D 798765 9 799146
D 768353 9 790196
D 760266 7 784935
D 775756 9 795275
I 764006 9 767693
D 783890 11 796773
I 756919 10 757740
I 771207 10 799014
I 704065 11 734595
D 729804 9 738611
D 760273 9 792027
D 740835 7 761611
D 755906 9 790936
I 740139 8 771156
D 738754 7 777380
D 719528 8 794131
I 725290 7 729756
I 727074 8 751728
D 799485 10 799728
D 783964 7 784463
D 712812 8 742265
D 744702 9 757965
I 792672 7 794559
D 716926 11 730190
I 793768 9 796625
D 788596 9 789221
I 772093 9 794841
I 724533 9 773163
D 785169 8 786060
I 742981 7 791023
I 771620 11 791428
I 788639 9 796481
D 768383 7 793819
I 707429 11 737926
D 754478 10 770017
D 769229 10 792393
D 732827 9 783162
D 718903 9 751983
I 734800 10 737271
D 747961 11 769398
D 761719 7 778582
I 776579 10 781925
I 750009 7 769617
I 710999 10 735003
D 734251 7 775205
D 781478 9 782168
I 769560 11 770667
I 748245 9 785424
D 784532 10 799730
D 776516 7 784173
D 768466 9 772578
I 786271 11 794455
I 772317 9 799896
I 715697 9 755586
D 778082 7 798336
I 787286 9 790263
D 702081 11 788758
I 710884 7 711495
D 787550 10 790326
D 765966 7 791112
D 762131 9 788162
D 747653 8 786462
D 799278 9 799824
D 714175 7 723020
I 734391 7 771955
I 745637 8 759645
I 713161 7 795790
I 725251 10 758777
D 773454 8 797820
I 748393 7 787170
I 734017 9 771955
D 778276 9 797683
D 712032 7 723222
D 719534 11 740506
I 726863 10 785146
D 775353 7 796645
I 725901 10 747705
I 767366 11 786519
I 774806 9 785932
D 755078 7 789043
D 791194 7 799118
D 704155 10 792277
D 778252 7 798508
I 756109 7 777140
I 719721 7 732537
D 778979 8 779083
D 746401 7 749081
I 724401 9 798714
I 755018 11 791375
D 740397 8 748130
D 728641 8 781800
D 729073 10 792214
D 798372 11 799060
I 784369 11 788765
I 743281 8 761962
I 771586 11 783809
D 748604 10 757486
D 793771 9 797676
D 708895 11 711265
I 782596 9 796408
D 721068 11 724116
D 751896 9 764965
I 708791 10 717517
I 759086 8 795397
I 705402 8 733841
D 701531 9 744200
D 795201 7 798189
I 701620 7 732789
D 728577 11 777176
D 736008 8 779162
D 762379 11 778929
I 782495 10 785764
D 797037 9 799843
D 759092 9 768246
I 752876 11 776730
I 728925 10 736149
I 793395 9 794652
I 701424 10 739619
I 701904 11 742480
D 786745 7 791335
D 774516 11 782720
D 762444 11 794848
I 708350 7 767498
I 773078 9 788967
I 737557 9 741314
D 789830 10 790096
I 779648 9 795064
D 741127 11 755114
D 778962 11 799050
D 705199 7 792628
I 709681 8 751356
D 736112 10 779883
D 775784 11 795224
D 732883 10 747353
D 748280 9 773610
D 715452 7 720134
D 772024 9 782959
I 747010 10 782867
D 779394 11 795111
I 793011 11 793734
D 700684 9 784825
I 761605 7 770626
D 721514 7 753517
I 768946 10 788326
I 787046 9 799029
D 700772 8 795036
I 771207 10 774072
D 711443 7 712014
I 793267 10 795728
D 767221 11 794957
D 727854 9 773310
D 765891 8 777622
I 789652 8 796079
D 732165 9 747564
I 739577 10 763787
I 738652 9 788461
D 701136 10 714821
D 799373 8 799511
D 735415 8 749665
D 719362 11 724149
I 723240 7 765352
I 757495 10 777128
I 792649 11 799500
D 782493 8 791105
D 706133 11 745015
D 790148 8 792178
D 769807 8 781210
D 736108 9 786156
I 730480 10 765165
I 738507 7 783356
D 742649 10 751970
D 700619 10 722036
I 775023 8 786790
D 784762 7 785963
D 751871 11 776875
I 784398 7 797413
I 798262 10 799921
D 701106 8 785205
I 780659 8 797278
D 763300 8 763442
I 720138 9 787837
D 733907 10 739288
D 710459 11 774047
I 773265 9 781382
I 719622 8 725087
D 751058 7 787946
I 723232 8 729324
D 724415 11 724823
D 702058 8 779818
I 723493 8 799171
I 733073 10 762406
D 785440 9 788792
D 753490 10 772823
I 798231 10 799749
I 752647 9 762326
D 791678 8 797915
D 783248 7 786422
D 789216 7 795408
D 747927 11 797634
I 775585 7 798805
D 701444 11 773728
D 772678 8 798357
I 716091 8 780993
I 748693 8 770054
I 798117 11 799586
I 719747 10 743810
I 713117 8 746270
I 727345 11 799008
I 723251 8 729837
D 780010 8 789827
I 731396 9 791083
D 742832 10 788659
D 774027 10 786844
D 724242 10 782501
D 747455 11 759826
I 706423 11 723667
I 707936 11 767176
D 717878 7 786286
I 787554 10 790339
I 773710 11 789122
I 773847 11 797363
I 719234 8 799679
D 783794 7 795229
I 762239 11 781030
D 709269 8 727127
D 726609 7 753882
D 762052 9 774652
I 793614 10 799746
I 704832 11 727382
I 749096 7 770278
I 738390 8 765384
I 789750 8 799254
I 767501 11 794879
D 762436 11 780908
D 702225 9 758672
D 752150 11 797557
D 743921 11 757683
I 710510 7 722221
D 707883 11 785658
I 780829 9 781513
I 764790 10 784034
I 722911 9 725259
I 774667 10 779468
D 798952 9 799683
I 788376 11 795312
I 777120 10 779887
I 787438 9 791234
D 725566 8 745409
I 756628 11 794613
I 730767 11 744897
D 706954 9 790752
I 730629 11 794150
D 774068 10 796880
D 756462 9 798805
D 731876 7 731907
I 713381 11 766049
D 742077 8 793729
D 790472 8 797196
D 748627 10 797401
I 729158 8 752482
D 703737 8 793401
I 777816 9 792368
I 717467 7 738014
D 753307 10 761283
D 750998 7 775117
I 782724 7 798781
I 729630 9 796854
D 757224 11 761895
D 727529 7 761587
I 712332 11 752215
D 741592 11 777811
D 788966 11 797878
I 729095 9 795861
D 716270 7 748724
I 712387 9 766467
I 752801 9 778961
D 764247 10 776775
D 739454 9 798614
I 748692 7 779122
I 719817 10 763702
I 724593 8 742958
I 743286 7 764587
I 731083 7 794525
I 706277 11 782856
I 739021 10 741152
D 709755 11 757770
D 758205 9 765491
D 794129 7 796175
D 723954 8 750018
I 721843 9 722938
I 755335 8 766880
D 747084 9 793112
D 782170 7 795202
D 784808 10 799652
D 764917 7 774841
D 785080 7 794446
D 758489 7 778496
I 752163 7 775258
D 746181 8 776935
I 723113 9 742484
I 739378 7 781231
D 747844 11 770645
D 715676 11 728214
I 743705 8 781600
I 754894 8 760498
D 739478 9 791190
I 795466 10 797053
I 743517 8 745585
I 763543 7 766425
D 711950 9 792673
D 717531 9 763449
I 768363 7 799228
D 772035 10 780510
D 730681 11 744772
D 783181 10 793933
I 775789 7 793560
D 771833 7 796424
I 709299 10 798925
D 714465 11 757057
D 727911 8 768591
I 776551 9 793559
D 728801 10 798069
I 728434 11 799662
D 760115 8 761333
D 725407 8 785678
I 726681 8 753678
I 728935 10 765124
D 760400 10 774252
I 704696 7 721329
D 799317 7 799637
I 737877 10 799772
D 788244 8 796513
D 764087 10 793324
D 793796 11 794687
I 761773 8 768784
D 725482 9 761845
I 752751 11 784188
I 715757 10 791457
I 758025 9 778958
D 715007 11 787394
I 748335 8 799220
I 751250 10 789141
I 718365 11 757304
I 742592 9 745871
D 769056 8 782036
I 776650 8 795776
D 714771 10 769566
I 724108 8 786257
I 786912 9 798693
I 712287 9 717728
D 747081 7 779086
D 787954 7 788615
I 789967 9 792947
D 756644 11 765568
I 772169 10 777296
I 716315 11 778078
D 730862 8 766378
D 799109 11 799866
I 703992 9 791146
D 751753 7 751798
I 715966 10 739355
I 749462 9 769322
I 788662 10 791037
I 757045 11 794443
I 794156 7 798388
I 747325 8 755290
D 755442 8 795102
I 700236 10 738867
I 793167 9 798220
D 714289 11 760414
D 741339 9 781481
D 792462 10 799971
D 704815 7 713455
I 725949 10 761657
D 776177 9 777046
I 751870 11 777821
D 719612 10 794557
I 729368 11 762431
D 798872 8 799613
D 732746 10 759901
D 718532 10 786700
I 794805 11 796898
D 700700 7 708183
D 748193 10 751163
D 736463 8 744712
I 779762 9 799079
I 747119 8 789063
I 770480 7 799014
I 732054 11 733165
D 777494 9 779979
D 700906 7 787718
I 725797 7 756761
D 779850 11 788058
I 775484 9 786823
D 753150 8 778935
D 761087 11 772287
D 764181 11 767600
D 792227 8 799970
I 760609 7 777984
D 790798 11 795544
I 761271 7 783669
I 795997 7 799080
I 712680 8 718303
D 738381 10 746926
I 762127 7 792579
D 777746 7 793380
I 786588 7 792901
I 720064 7 741243
I 780342 8 797790
D 793372 8 799108
I 769331 11 789705
D 746058 10 793184
D 755031 9 757230
I 702739 7 746932
I 767744 7 777272
I 785399 11 790533
I 714900 7 728137
I 742306 7 761833
D 794148 10 795803
I 765784 7 788057
I 702064 11 758139
D 724213 10 785496
I 729809 11 762746
I 789135 7 790045
D 738318 9 759541
I 794895 9 794997
I 716441 8 788224
D 730482 8 778906
I 764550 10 775913
D 785723 8 787206
I 712542 9 796338
I 727798 8 788783
I 770527 7 791158
D 795190 11 796496
D 773897 11 783361
I 739338 7 771503
D 711212 9 762482
I 723582 7 772017
D 709075 10 744518
I 767172 11 797553
I 799902 8 799951
D 775344 11 780101
D 729405 10 740763
I 752884 11 754738
I 742281 11 799248
I 733405 7 786683
D 781646 7 799640
I 719839 7 727181
I 743966 10 782820
I 765431 9 798317
I 773734 11 777056
I 700048 11 741913
D 703109 8 740258
I 744646 7 755734
D 729231 7 737023
I 780210 9 788537
D 732203 9 756380
I 710484 9 723841
D 797588 10 798877
I 770397 7 791527
I 765414 8 774722
I 709361 8 792019
I 787909 9 792443
I 746673 11 789287
D 766205 7 799950
I 701200 9 751322
I 705873 7 722570
I 767125 8 771255
D 723624 11 736737
I 701410 8 775449
D 716542 11 755843
D 770486 11 774210
I 707052 8 707675
D 775995 11 799218
D 796210 9 797896
D 742572 7 767994
D 728133 9 779867
D 717200 10 726258
D 766409 9 799499
I 707159 10 743766
I 711747 10 770480
I 787963 9 796266
I 759182 7 798373
D 797134 7 798247
D 779762 7 796031
I 748330 9 756019
D 715667 7 789183
D 740691 8 774214
D 714918 11 775817
I 712451 10 766331
I 773550 9 799594
D 717087 11 742206
D 745754 9 763630
D 771144 9 796778
I 772386 11 796429
I 748814 11 758187
I 764700 10 766478
I 704159 8 725833
D 777100 9 789898
I 765526 7 780519
I 780622 10 796387
I 741598 8 775644
D 778289 8 797158
D 741099 9 771563
D 775598 7 784015
D 761460 10 769725
D 799064 7 799292
I 776371 7 798784
D 771006 11 775801
I 758253 10 799024
D 729827 9 782983
D 714908 8 742396
D 779184 11 782197
D 758283 8 785328
D 796447 8 799938
D 778345 11 793090
I 708519 8 770599
D 740839 8 791786
D 766548 7 777699
D 776627 9 793672
D 761040 10 772161
I 724189 8 765141
D 703152 7 708545
D 740018 11 767520
D 791728 7 799040
I 741074 8 795251
D 740967 10 785507
D 762717 8 788648
I 777492 10 797055
D 702260 9 767314
I 772772 9 783654
I 701207 7 765695
I 702248 11 760471
I 753689 8 765507
I 714716 9 768523
I 705548 9 741532
I 712492 9 788603
D 724448 8 794167
I 703446 10 786009
D 784450 7 796685
I 758720 8 790638
D 741686 7 758821
D 713059 8 759498
I 758062 10 780801
D 798916 11 798939
I 700595 11 780610
I 787103 9 798585
I 728688 11 752103
I 796142 10 797353
D 784937 7 794038
D 769822 8 771330
I 729841 10 734959
D 710760 8 715851
D 799290 11 799872
D 751036 11 784199
D 792778 8 798567
I 751368 7 781797
D 743027 9 796785
D 725560 10 778932
D 735871 11 774258
I 719734 9 726341
I 732166 8 774068
I 703361 11 741595
I 750489 10 799709
I 740537 10 756133
D 702921 10 738227
I 705898 7 750733
D 751595 9 782062
D 786904 7 799698
I 755637 7 778409
D 745187 8 793407
I 711666 7 733830
I 742695 10 749523
D 789633 7 797230
I 788966 9 796933
I 726784 10 764343
D 754597 11 790398
I 781201 9 794261
I 732792 11 794282
I 783643 10 790138
I 708743 10 779795
I 771971 7 787595
I 732527 11 773858
I 769815 10 776580
D 788710 9 792445
D 772453 9 784496
I 711623 7 761742
I 779348 11 797223
I 732913 9 779238
I 736403 10 750980
D 769688 8 779966
D 790778 7 792538
D 744449 10 755699
D 781387 7 789560
D 743947 8 769095
D 770741 7 799428
D 739342 8 777224
D 756002 11 788771
I 720671 7 724310
I 725240 10 782823
D 764431 10 794391
I 730434 9 740668
D 749317 10 787106
D 799209 8 799392
I 751666 8 790222
D 727517 7 746196
I 701444 10 775002
I 706578 11 751364
D 774610 10 798774
D 785020 7 792227
D 754057 11 791387
I 785192 11 788755
D 711098 11 782983
I 798388 11 799553
D 704760 7 756595
D 739472 8 771891
D 797191 7 799845
D 751366 8 797328
D 712573 11 778643
I 740857 8 753767
I 733896 7 770532
D 767022 10 770042
I 752446 9 760135
D 711726 9 794844
I 751122 7 791739
D 734063 9 754900
I 737683 8 766976
I 771771 10 797857
I 732676 10 735529
D 773002 8 784387
I 725219 11 747576
D 796985 7 799458
I 715680 11 749213
D 770130 8 781014
I 748891 11 750881
I 756004 10 798491
D 705390 11 774223
D 760563 10 763787
D 784244 10 786684
D 780425 9 798963
I 750901 9 799958
I 786980 10 790930
D 714300 7 752966
D 773698 7 796706
D 759877 9 763229
I 726888 10 796203
I 703623 8 720094
I 741938 11 764909
I 775984 9 776194
I 757364 11 780108
I 764357 11 790900
I 726988 11 760844
I 765095 11 783884
I 743648 7 764120
D 781713 9 797205
D 700804 8 701012
I 730148 8 761153
I 752601 8 785782
I 735119 7 747878
I 766733 8 794148
I 758414 11 778459
I 778745 11 786882
I 722399 7 791667
I 717867 7 761248
I 745346 10 750457
I 713288 9 797532
D 703822 9 770687
D 735216 11 756883
I 759094 10 759122
D 760569 10 764677
D 764452 8 790912
D 795060 8 795811
D 757807 9 759869
I 733659 11 778368
D 728364 8 742292
D 728568 7 775934
D 742963 11 751777
I 783426 10 787004
I 737186 8 761766
D 706814 11 762496
D 710938 10 773271
D 737807 8 769802
I 758601 8 767250
D 757120 8 768961
D 774494 11 786109
D 729869 9 741948
D 748851 10 791408
D 759549 11 791393
I 756046 9 765044
I 743950 8 772577
D 702788 11 706948
D 789625 8 790801
D 707873 9 735812
I 718837 7 732262
D 750080 10 780577
I 716461 8 750888
D 711051 7 784843
I 787142 7 790886
I 724839 8 759490
D 790285 7 794645
I 796698 8 799620
D 706556 10 778869
I 712047 9 796388
I 722113 11 770751
D 786268 7 790690
I 799311 9 799981
D 791618 8 798443
D 770381 10 772378
D 703410 11 713050
D 792753 7 794737
I 728443 11 780677
I 771817 7 772916
I 732309 11 785654
D 701619 11 712595
D 717656 9 746010
I 796847 8 797624
I 755865 8 799857
I 784759 11 790605
I 721921 8 777811
D 750096 11 792822
D 731913 8 793426
D 741238 9 784396
I 762533 11 791439
I 710336 9 716067
D 729271 7 797043
I 761793 10 787779
D 735839 7 772562
I 749790 10 764500
D 747296 11 764568
I 789239 11 789397
D 797443 8 798294
I 766810 10 793667
I 785504 11 785743
D 792023 10 796397
D 743372 10 772122
D 744876 11 790287
D 747281 9 752174
D 752140 9 768224
I 719283 9 738151
D 722041 10 734184
D 748027 8 754118
D 785669 8 791586
I 718771 11 783341
D 738807 7 772983
D 779706 11 797120
D 716288 10 780994
D 772440 10 789913
I 734498 9 752098
I 782974 10 797226
I 759886 10 799734
I 700380 11 741099
I 792184 11 798440
D 798008 7 798564
I 770047 7 783559
D 789848 9 791350
I 762385 9 769420
I 746563 11 754500
I 729457 11 767163
D 785056 11 790187
D 795207 11 797261
I 789415 9 793067
I 743459 8 759319
I 716110 9 782095
I 768820 9 786749
D 774537 8 787013
D 765612 10 797588
I 750212 9 788163
D 719453 9 779373
D 721476 10 736611
I 761552 8 776662
I 744765 8 779127
D 775044 10 775575
I 781587 7 797120
I 744801 7 765844
D 717507 9 739613
D 760548 8 793890
D 785061 8 785703
I 769023 8 795558
D 732516 10 760559
I 747406 11 789013
I 728413 11 784150
I 755337 8 759362
I 703173 10 717618
D 703815 7 771942
D 760830 9 770051
D 709564 11 722544
I 742958 11 760227
D 773343 11 787214
I 793639 7 794654
D 709371 8 742557
D 725363 9 729254
I 791052 8 795528
I 782171 7 792220
I 791906 11 798479
D 767258 7 796856
D 714801 9 741813
I 708259 10 754155
I 722987 11 739125
I 718628 11 756662
I 751275 7 752729
D 752335 9 779990
D 728568 10 771194
I 738496 9 775637
I 760880 9 776386
I 720531 7 745458
I 786246 11 796937
I 700285 9 710854
I 701859 8 757450
D 722198 9 725919
D 733025 11 783610
D 774173 8 784159
I 773301 8 787757
I 792678 7 799257
I 796235 9 797714
D 708058 7 770257
I 788014 11 793587
I 711955 11 779986
I 789579 9 793067
D 707263 11 736026
I 751587 10 766006
D 733167 7 752648
D 700562 8 758028
D 715228 9 782031
I 743909 9 747941
I 719069 9 755031
D 740688 11 744116
I 794197 11 796758
I 729578 10 793984
D 786383 9 787223
D 773107 11 774564
I 758032 11 760811
I 771623 8 794607
I 785515 11 794821
D 782833 7 793761
D 752379 10 796607
I 737789 11 744374
D 722049 8 724784
D 741212 9 751020
D 743241 9 775615
D 716130 7 760692
D 710296 9 736830
I 749122 7 752440
D 779759 10 787372
I 797081 7 799195
I 707637 9 788438
I 724631 10 747013
I 775568 8 792662
I 714478 9 753240
D 751988 10 779873
I 731160 8 799148
I 788561 7 795452
I 762823 7 795854
D 770288 10 779811
I 795178 8 797369
D 783285 10 788489
D 779508 7 788890
I 756077 9 791733
D 756924 10 767971
D 705708 10 746071
D 710598 9 747980
I 741727 7 762036
I 704501 7 792767
D 799535 10 799890
D 788521 10 796255
D 777438 11 796608
D 754013 8 782364
I 738624 10 794306
I 746789 9 753249
D 797790 9 799526
I 706918 7 791974
I 746968 7 756006
I 726964 9 782894
I 748096 9 777861
D 707415 9 734150
D 756513 9 759633
D 791462 8 795252
D 775849 8 789727
I 724782 11 734509
I 762714 7 790114
I 775589 10 784631
D 714523 11 786874
D 743646 11 773096
D 737004 9 763850
D 701479 8 710719
D 781709 10 797560
D 749887 10 750098
I 731797 10 762840
I 724368 9 736961
I 735575 10 787249
I 729895 8 746866
I 779508 11 780487
I 794187 11 795220
D 794899 8 798501
D 772026 9 786979
I 750636 11 764492
D 794003 10 798953
D 729489 10 769303
D 717568 7 794381
D 742962 10 791580
D 793319 7 795780
I 748068 7 752114
D 738484 11 778417
D 750227 11 796800
D 768834 11 791957
I 717365 11 747626
I 787931 7 798766
I 740026 10 741792
I 724235 7 787301
I 784281 7 788871
I 750909 10 763745
I 746944 9 747757
I 752699 11 791692
D 769604 11 784402
I 796050 9 799791
I 791542 7 798783
I 741607 11 788353
D 739654 8 750111
D 757266 9 758260
I 755483 9 772706
D 761816 11 797566
I 700072 8 707589
I 742438 9 786095
I 706704 7 793009
D 737204 7 775061
I 762895 8 774023
D 752902 8 757641
D 703811 8 759815
D 704763 11 792604
D 711976 8 729912
I 712264 11 736678
D 759341 7 771169
I 708389 7 756560
D 765321 10 789980
D 710079 10 739835
I 743656 7 765451
I 799460 11 799608
I 732462 10 776716
I 757640 11 790817
I 754063 8 771558
D 704046 10 791939
I 728261 8 792967
I 747355 9 789705
I 755224 11 789674
I 718255 10 771904
D 783545 7 798632
I 762839 10 773482
D 778269 7 784585
I 749264 10 799895
D 720449 9 763452
D 712080 10 733210
D 796222 9 797275
I 723883 7 746726
D 726398 9 740177
D 732094 8 778702
D 710619 9 772694
D 767934 7 770478
D 767680 8 770729
I 712974 9 716726
D 745098 9 755802
D 738670 7 779969
D 772715 8 786975
D 760327 10 778317
I 743638 7 794125
D 740459 11 780016
D 773436 7 784530
D 786311 11 790327
D 729586 8 756543
D 745592 9 783644
I 743806 9 798972
I 736716 9 793924
D 798654 10 799099
D 762040 7 764370
I 735431 7 771039
D 760967 10 785790
I 777746 9 796000
D 776455 7 792905
I 701901 7 743205
I 726064 8 778323
I 749746 8 764426
D 707799 9 796349
I 743848 10 772234
D 798037 11 799670
D 720896 11 732868
I 752447 8 768679
D 744551 7 763307
I 793242 7 793431
D 745138 7 768531
D 793349 10 796697
I 796003 9 798596
I 713971 9 793005
I 798550 7 798904
D 711788 8 742918
I 771234 8 775913
I 790076 7 790433
D 711999 8 727924
D 796103 11 798011
I 741466 11 762876
I 703878 8 767564
I 789650 11 797034
I 779521 10 788320
D 756709 10 772582
I 769940 7 782673
D 779177 11 791602
I 728373 7 734406
I 779464 10 788648
I 791996 7 795051
D 786761 8 790958
D 750019 9 762178
D 788791 7 791343
I 731386 7 741859
I 798709 10 799599
I 730228 8 744023
D 786750 10 797397
I 733579 10 764909
D 770960 9 789164
I 770626 11 796008
D 751393 11 770171
D 717756 7 740337
D 759646 9 797998
D 734642 8 741539
D 772132 8 786910
D 743919 11 763314
D 719453 10 779820
I 773898 11 780547
I 777112 9 792694
D 756085 8 784142
I 705778 10 725993
I 747264 7 752303
I 702456 7 737449
I 722457 7 792464
D 749717 8 787241
I 795606 7 795813
I 765579 10 785517
I 798092 7 799427
D 740559 7 772909
I 793365 8 798142
I 714263 7 741022
I 770619 9 778029
D 775906 10 780189
D 746452 11 764315
I 750861 11 765298
D 764594 9 787287
D 766663 11 783441
D 705021 11 798970
I 796899 8 799465
D 784247 11 798836
I 786406 8 797982
I 764426 7 767717
I 744865 11 755840
D 786887 11 787220
I 771755 7 790453
D 719108 7 769128
D 727909 7 794805
I 709028 11 778575
D 759255 10 767619
I 710642 7 797165
I 740046 8 775809
I 761804 11 799143
I 769386 8 778350
I 766784 10 774554
D 787646 7 793828
I 721727 7 793425
I 788480 8 796375
D 781662 10 794274
D 777874 10 787765
D 729345 11 754073
D 780980 7 795772
I 794264 7 799684
D 782542 8 795117
I 723205 10 757548
I 758545 7 780112
D 739688 7 748686
D 750984 11 768155
D 717880 10 778751
D 793444 7 794056
D 772611 11 793656
D 737339 7 772811
I 782859 8 785118
I 704097 10 776623
I 733637 8 786114
D 727439 10 764217
I 722177 7 780347
I 737369 9 759338
D 751546 8 755313
D 780600 7 787885
I 715328 10 761262
D 733188 10 777086
D 794413 10 796292
I 752325 8 782206
I 795099 11 798729
I 704990 9 733194
D 745909 8 781806
I 735066 10 742513
D 762508 10 763225
I 746049 11 770807
D 785231 9 797781
D 707321 7 793955
D 710659 8 748828
D 775842 7 778628
D 766144 8 796418
D 755167 7 783862
D 759083 7 780551
D 707093 7 743811
D 726121 7 793502
D 747595 7 758993
I 771472 8 794564
I 725816 7 784766
I 717291 9 760556
I 784752 8 799615
D 747003 11 756653
D 712460 11 788680
D 793966 8 794529
D 750577 9 784833
D 792697 10 797454
D 723405 7 759944
I 775403 7 782919
I 797841 10 798002
I 704206 10 793192
D 795435 7 796058
I 771133 10 792555
I 718901 10 738396
I 715012 9 772054
I 775970 10 798624
I 709330 9 795023
I 718603 9 797168
D 758162 7 770814
I 768390 11 796502
I 790108 10 791342
D 738855 8 797249
D 799179 10 799983
D 786345 11 788905
I 733797 8 793121
D 724355 8 746192
I 726567 8 773970
I 771846 9 792548
D 711359 10 712011
D 782779 7 799501
D 754792 10 795883
I 720925 9 727703
I 702736 7 789468
I 753418 11 778591
I 729941 7 754957
D 734466 9 786642
I 717700 9 748657
D 723313 8 791597
D 745478 7 795833
D 782985 11 796738
D 764664 8 782985
I 775483 11 781209
I 780153 9 781012
I 722120 9 740296
I 721389 8 766930
D 755722 8 775223
D 718032 11 795934
D 736006 10 791229
D 742929 8 797302
I 761721 11 789008
D 735739 9 747955
D 710799 11 782385
I 782601 11 789263
D 716720 11 788625
D 738752 9 793396
D 703940 8 705108
D 778000 10 790788
I 768630 8 768732
D 799718 8 799953
D 784457 8 798786
D 771379 8 790126
D 747217 7 761621
D 728091 8 768056
I 706126 7 781751
D 779268 10 795262
D 744779 10 745785
I 792006 8 796598
I 792563 11 797998
D 730708 11 747194
D 736207 7 741132
D 702505 7 778701
I 723038 9 744033
D 769628 8 792440
D 792285 7 795785
D 720687 8 747722
D 745495 9 756363
I 736957 9 764054
D 708574 8 708761
I 714615 11 719608
D 747902 10 771765
I 724192 10 771448
D 776782 9 791132
D 732986 10 793693
D 766971 9 792624
I 733184 9 749121
I 778663 8 785246
I 726195 8 783672
D 764037 7 791426
I 791546 10 791566
I 725540 7 725933
I 724127 8 730571
D 717739 9 746485
D 739293 8 760520
D 763155 7 767890
I 748721 9 789718
I 767070 9 777143
I 729633 7 730305
D 730422 8 730831
I 777122 11 782401
D 786530 10 792233
I 763349 8 798549
I 785307 11 787955
I 732117 9 778388
D 769233 10 779002
D 703673 7 798127
I 728750 10 734805
D 798968 9 799430
D 793274 7 798750
D 797321 10 799744
D 792397 8 797868
D 705702 7 798130
D 712674 9 770657
D 714094 10 751469
D 768512 11 788090
I 744127 8 761104
I 798090 11 798374
I 773001 10 798207
D 774772 11 788000
D 782693 8 783525
D 749473 8 752985
D 781374 9 782044
I 751476 7 799390
D 729289 10 756646
D 773766 8 795192
I 751120 8 788879
I 728850 7 756799
I 747654 8 772560
D 792160 11 796047
I 760884 9 779367
D 701639 9 705002
D 779068 8 786659
D 758415 8 798513
D 737233 8 760246
D 785855 8 798051
D 705037 11 792671
I 769458 9 799918
D 719777 8 783812
D 770586 10 782811
D 724465 9 781678
D 776728 10 788578
I 730820 9 772782
I 794756 10 796195
D 733618 10 735058
I 778132 7 784732
I 723373 10 725583
I 757954 10 766152
I 711753 10 757023
D 736285 11 742420
D 729416 10 787596
I 701681 9 769888
D 740563 11 765142
D 745202 10 768509
I 709225 10 710472
D 725141 10 781829
D 759017 11 778023
D 707835 7 764845
I 742800 7 753252
I 737409 10 765578
D 785507 7 787451
D 776008 7 780465
D 765538 7 792117
D 778020 11 797514
D 728250 8 777291
I 775506 10 796646
I 746862 8 782116
D 701369 10 758755
D 796496 10 796768
I 707515 8 785692
I 776784 11 799976
I 737792 11 778804
I 729711 10 786258
I 735128 8 774114
I 796283 8 796478
D 715167 9 783532
I 789333 11 789364
D 767963 8 787349
D 799291 10 799558
I 721797 9 799125
D 787964 7 795562
D 729081 10 761026
D 753743 10 793198
D 711147 8 796838
D 783907 10 785868
D 731518 11 760200
I 793772 8 798255
D 776621 10 799996
D 773576 7 786211
D 783149 7 792799
D 716470 11 786485
D 790495 8 799889
I 749555 8 782697
I 753642 9 772284
I 787836 8 798272
D 736536 11 747773
D 737473 10 740352
I 779904 11 783998
D 790043 10 799992
I 777839 8 781756
D 711532 10 749542
D 747575 10 749097
D 795435 10 796385
I 723975 7 756195
I 741706 10 746444
I 764829 11 772232
D 744190 11 784282
D 773674 8 791217
D 742869 11 747894
D 715928 7 742811
I 756047 9 790450
D 795839 11 798228
I 700651 11 706461
I 742863 10 751697
I 736305 8 763557
D 723771 8 763139
D 755875 7 788066
I 728495 8 753213
D 746164 8 762026
I 706228 9 750913
D 700582 10 789668
I 748676 7 777459
D 701603 9 780475
I 732531 11 761068
D 704628 9 740917
I 724459 8 771448
I 715644 7 769031
I 725240 10 775002
I 709205 7 787501
I 702235 8 778223
D 785388 8 793884
D 736957 9 763363
D 712724 7 788578
I 737646 7 745381
D 770745 10 791237
D 794694 10 798816
D 743060 11 746539
I 717610 8 777597
D 708546 8 789657
D 729696 7 753906
D 750556 7 758972
D 764206 10 767964
D 702522 9 769383
D 798941 9 799765
D 750492 8 773051
I 791957 11 795781
D 734167 7 776418
I 778565 10 785691
I 709560 8 762152
I 784092 11 787880
D 782391 9 799937
I 798198 10 799006
D 726890 8 797543
D 788713 8 790404
D 731533 11 768965
I 764408 11 775433
D 784999 8 792446
I 765938 9 780035
I 721093 11 790099
D 792350 11 792967
I 771103 11 793572
I 775353 9 798199
I 718092 9 733277
I 725675 10 789347
I 735246 8 787712
I 728398 8 789388
I 787041 11 790764
D 716545 10 760936
D 753634 11 789134
D 734875 7 749239
D 752669 8 791487
I 726466 10 783090
I 700814 9 748157
I 797600 11 798592
D 777815 9 799731
I 762111 7 770138
D 751622 10 752831
I 762585 11 771573
D 786186 11 787873
I 726171 11 761679
D 779394 10 786100
D 749335 7 766651
I 758829 10 779436
I 765154 8 787700
D 754621 11 791774
D 741727 9 754262
I 730219 10 739876
D 752075 8 776832
D 740171 8 792842
D 747349 8 785346
I 767852 8 772616
D 715337 7 773266
I 767905 11 794791
I 763430 8 765170
D 731821 8 795146
D 709433 10 719221
I 709485 7 741808
D 722741 10 759170
D 750840 9 772599
I 791351 9 798730
D 701938 7 717868
D 771610 11 781806
D 761074 8 792982
D 789374 10 793957
D 711157 9 765764
I 767488 10 776615
I 717517 7 728482
D 747332 9 752285
I 718390 11 754366
I 736817 9 766671
D 735637 9 763940
D 773304 10 778148
I 767918 11 780043
D 745916 8 780595
D 769244 9 790080
I 746433 10 772867
D 772557 7 774114
D 708934 7 792605
I 763142 10 769234
D 786354 11 797582
I 726752 9 736661
I 784447 11 784515
I 762017 11 769589
D 794125 7 795226
I 727699 7 745951
I 791027 8 797769
D 769372 10 775388
D 731970 7 776767
D 796576 9 799157
I 758793 11 763673
D 716129 8 740827
I 754517 11 759667
I 791399 9 797302
D 725465 7 764942
I 795499 10 795728
D 755051 9 757368
I 773983 9 775820
D 715779 9 767489
D 755835 8 787018
D 771520 8 784702
I 741876 8 792523
D 796044 8 798019
I 765738 8 794951
I 786225 7 793026
I 791555 8 796593
I 720895 7 772059
I 705943 9 706814
I 742298 9 777578
D 742902 9 757382
D 793626 10 798479
D 713830 7 785978
D 765916 9 774838
D 774735 11 774942
I 722445 8 777371
D 718392 7 726388
D 705804 11 711268
I 748688 8 785631
D 741439 8 769033
I 779925 9 798844
I 703425 7 734879
D 775168 8 779417
I 769699 11 791766
I 776257 7 778367
I 724592 10 764205
D 776884 10 797218
I 724842 8 776487
I 791914 11 795406
I 790193 7 797945
I 743327 10 759621
D 778379 9 799316
D 776505 11 797280
I 725361 11 725398
D 756165 7 785808
I 775665 9 796625
I 796670 8 796678
D 724939 8 739124
D 792991 9 793869
I 760403 10 776863
I 736287 8 747400
D 727643 8 745540
D 757310 9 795246
D 709769 8 784901
I 765491 8 796332
D 736601 8 748269
I 769139 7 795223
D 775337 10 795672
I 762615 11 787154
D 718327 7 767897
I 750092 9 787477
D 711385 9 739496
I 759699 11 769076
D 729409 8 737423
D 723061 7 726204
I 776849 10 798274
I 735330 10 795376
I 706736 8 754583
D 736087 9 745128
I 704090 8 721717
D 796055 11 796093
I 730897 9 763483
I 711387 10 742990
I 734767 7 760006
I 794428 9 794942
D 792136 10 799263
D 704620 9 788213
D 748061 10 799399
D 736473 9 790905
D 762025 10 780084
D 766464 11 786446
D 708483 10 716868
I 763848 8 785907
I 796444 7 798470
D 728771 11 732758
I 716186 11 778741
D 762168 7 787921
I 715376 10 789514
I 785537 9 798081
I 760104 9 790449
D 756450 11 773437
I 783735 9 794670
D 738421 11 792600
D 704232 7 759340
D 754088 7 786132
I 750338 7 763377
D 762989 7 784118
I 724082 8 793992
I 774475 10 783120
I 711552 10 715676
I 740929 10 771735
D 765977 10 771341
I 775806 9 794327
I 780992 8 787838
D 769664 8 783938
I 706327 8 763878
D 706572 9 733901
I 771688 11 778064
I 726640 9 795591
I 782414 11 797493
I 762688 8 792637
I 701475 11 748276
D 759894 9 764922
D 791036 7 792261
I 720289 7 745378
D 744731 8 780111
D 727145 7 768084
I 720037 11 787502
D 795499 9 799267
I 709171 11 766156
D 722931 9 797375
I 795052 9 796609
D 710165 10 744452
D 713342 10 722225
I 714728 9 745180
D 769315 10 799737
I 703438 8 767067
D 744891 11 749316
D 764749 9 786738
I 796513 8 797903
D 733495 8 794792
D 794413 11 799428
D 728954 10 760531
D 762008 7 776790
I 751601 11 782092
D 746248 10 760977
I 775243 7 796390
I 795677 7 796746
I 799227 11 799350
D 714614 10 767661
I 708571 9 791122
D 737924 7 750854
I 704000 7 751881
I 797521 8 798595
D 746279 7 763239
I 729543 11 780024
I 711145 9 760984
I 725280 8 747481
I 791539 11 795219
I 716139 7 783073
I 755624 11 779822
I 723462 9 788862
D 708546 10 710448
D 734016 8 767951
I 743677 9 773810
D 745334 8 760978
I 715269 11 747521
D 715653 9 739642
I 724688 11 736355
I 759093 10 759631
I 785864 9 795009
I 744500 10 773803
D 761755 8 794072
I 753806 11 790954
D 774719 11 781942
D 765142 7 774296
I 798567 11 798882
D 758332 10 795371
I 747798 7 765854
D 795261 10 798210
I 788668 7 794599
D 725735 9 788120
D 780707 11 781828
I 703134 9 798767
D 791137 11 796518
D 799093 11 799943
D 779721 10 796264
D 785503 10 786430
I 712836 8 739005
I 756201 9 794203
D 781215 11 786610
I 705798 9 763616
I 723065 8 724715
I 716969 8 744108
D 725578 7 771552
D 790314 9 792466
I 752831 11 780017
I 704595 9 729277
D 793141 10 798702
I 730776 7 767481
D 793014 9 797436
D 725146 10 772505
I 768584 10 768736
D 712711 10 743927
D 720328 11 733513
I 786018 11 795543
I 756069 11 779441
D 724493 10 731639
D 723038 8 723130
I 783390 9 796295
D 715370 7 744475
D 711300 11 764116
I 707910 10 725092
I 793173 8 798349
D 763078 11 768537
I 709639 8 732806
I 753885 7 790841
I 732781 11 798751
D 777069 7 792463
I 763905 7 785479
D 728689 10 786573
D 744898 11 796880
D 746977 8 777031
I 710519 11 791072
I 719635 8 767946
D 784627 7 798746
I 748729 11 771390
I 750461 9 797523
I 765418 9 795632
I 701038 10 725184
D 784556 11 786983
I 714932 11 730579
D 792729 8 796099
I 790509 8 796399
D 701044 10 707892
I 738474 7 785275
I 727768 9 765423
I 773238 8 783902
D 751145 8 771271
D 768792 7 796308
D 792959 10 794952
I 766501 10 789464
D 701135 7 797908
D 797992 10 798517
D 778106 8 797830
I 712311 11 745215
I 757331 10 792696
I 745800 11 777656
D 761739 10 762881
I 757531 9 775891
I 794431 7 799205
I 726931 7 738669
I 765456 7 767426
I 717142 9 720625
I 717941 7 761667
I 795964 7 799310
D 700322 10 741315
D 702032 9 723004
I 736094 8 799550
I 703245 8 716484
I 758683 9 778223
D 768938 11 779481
D 795602 10 797833
I 799915 10 799977
D 714291 9 729146
I 731610 10 769745
I 793773 10 798979
I 706469 10 760212
D 746875 9 788848
I 717758 9 751828
D 763674 10 780079
I 740587 10 763664
D 760524 10 792128
I 724893 11 742826
I 779425 9 790982
D 755861 9 758014
D 769702 11 794570
I 709744 9 759715
I 713004 10 797490
D 701189 11 773852
D 720916 9 722062
D 778361 10 787646
I 778083 8 790402
D 743533 7 756607
D 704713 7 731723
I 720540 7 775478
D 742187 11 760686
D 706158 9 726450
I 719559 11 730142
D 754522 10 783426
I 790306 8 790847
D 763682 7 782552
I 779484 9 783801
D 780640 7 798023
I 763396 11 796123
D 752537 10 787628
I 700084 8 772739
I 767552 11 768678
D 740851 10 781196
D 747065 11 797086
I 750969 11 765630
I 781294 7 785534
I 750715 7 754194
I 704836 10 779861
I 792573 11 799012
D 797511 7 799050
D 777868 10 794974
I 786444 8 797828
I 794314 9 796468
D 751866 8 777362
D 793794 7 794191
I 775176 8 782247
I 745749 10 779279
D 754945 9 797350
D 776843 11 793618
D 787771 8 791701
I 784492 10 791841
D 758735 7 795562
D 794020 8 798199
D 766942 11 781202
I 792376 7 797645
D 730398 11 767501
I 735058 9 775561
I 776487 11 793135
I 756677 8 772152
I 765389 7 784606
D 722350 8 791297
I 724193 8 737008
D 736308 9 756724
I 719935 8 724258
I 706666 11 745876
D 750037 10 787173
D 795280 9 799739
I 773089 7 778367
I 747945 9 780755
D 777976 8 788003
I 782982 7 787177
I 748490 7 782851
D 712913 10 794612
D 780390 10 796099
I 755636 10 774379
D 784203 7 789556
I 748961 9 790914
D 785520 8 794373
D 714713 7 784212
I 740936 10 788440
I 757114 11 770396
D 773019 11 782478
D 739949 11 762170
D 725608 8 738576
D 735115 11 751220
I 725309 7 780466
D 781165 10 790599
I 775611 11 797796
D 781370 8 789342
D 775883 9 789898
I 746889 8 754307
D 733290 10 798433
D 785816 8 794429
I 749200 11 786628
D 719248 7 748278
I 780455 11 789307
D 792187 11 797567
I 724380 7 766779
I 788349 8 790878
I 704602 10 707798
I 766672 7 778121
D 762140 9 766233
I 777942 11 795159
D 796222 8 797592
I 786844 9 798386
I 756784 9 798985
D 731079 9 737259
D 750239 8 776489
D 705203 10 751680
I 723057 9 775629
D 746942 7 767518
D 792554 11 799900
D 735756 8 744901
I 755423 8 756568
D 725980 11 794886
I 793376 11 796229
I 765419 11 785270
I 752865 11 790472
I 756822 8 768870
D 792112 9 794614
D 719484 10 749022
D 753210 11 787544
D 721288 10 797276
D 704387 8 789139
D 722604 11 763593
D 784132 9 799884
D 726666 8 735027
D 775848 10 783077
I 796119 8 796645
I 786401 10 790874
I 768539 10 786383
I 792970 11 794796
D 754984 9 796406
I 743485 11 772769
I 783220 10 787639
D 732202 7 779525
I 748931 7 759866
I 797350 11 799459
D 748291 8 777390
D 700003 7 795219
I 707320 9 749244
D 739802 8 782396
I 794116 9 797186
I 707916 11 787132
D 705374 10 747304
D 793723 7 794650
D 732266 8 771158
D 772405 10 776453
D 730410 8 788988
I 780028 7 795308
I 775271 9 783634
D 766924 11 785221
D 759510 9 762191
D 732108 11 782495
I 721603 11 734918
I 722370 8 743041
I 707881 11 721521
D 716400 8 761038
D 773831 10 775404
I 766229 9 798713
D 701658 7 786725
I 783683 9 784340
I 775435 9 776775
I 774725 7 789430
D 784509 8 798886
I 726399 7 733920
I 730432 7 776274
D 744973 9 795644
D 782189 8 791461
I 734547 8 734575
I 746304 8 772857
D 719152 9 719878
D 710102 11 757235
D 788267 10 792674
I 781120 11 786213
D 720247 7 766680
D 726202 10 759235
I 721982 8 739379
I 711020 7 746069
D 704434 7 780066
D 751505 8 758235
D 719989 11 790033
I 748857 7 799507
D 796101 11 798785
D 718198 11 794972
D 756611 11 798063
I 752016 10 761182
D 778536 8 797524
I 715061 7 716142
I 798451 11 799968
D 720776 9 795688
D 784416 8 793092
D 742766 9 769873
D 739526 9 793697
D 716114 8 723497
D 765605 8 785003
I 791074 8 792765
I 757459 8 792380
D 733059 11 755092
I 749211 9 797468
D 738916 7 750160
D 701135 9 720464
D 757173 10 760181
I 758048 9 799071
I 749715 11 788536
D 750551 10 770952
I 792802 7 797770
I 752580 11 768856
I 792375 11 798634
I 719637 8 759749
I 792029 10 798903
D 701891 8 706626
D 748686 8 798074
D 787541 7 795473
D 722860 11 795221
I 703565 9 793177
D 710821 9 773500
I 720235 8 756024
D 740307 7 745452
D 730620 7 773129
D 787196 8 799828
I 766612 11 785408
I 712948 7 799569
D 734276 9 748152
D 770445 7 780452
I 756411 10 762942
I 731412 10 754176
I 728162 7 765472
D 792207 8 792557
I 744262 8 795904
I 773224 9 783025
D 794315 11 798248
I 758188 7 797020
I 749014 11 766465
D 772251 7 786321
D 750594 9 780311
D 709985 9 725502
D 736667 9 794366
I 755621 7 776041
I 721217 8 735747
D 718701 7 748284
D 789363 7 791655
D 710404 7 751106
D 761612 7 765807
D 755542 7 766649
D 707672 11 778768
I 736652 10 752568
D 775299 7 790198
I 776462 9 778126
I 710412 10 798531
D 709251 11 747009
D 736993 11 797921
D 793011 10 796992
I 739422 9 741463
D 762853 10 789747
D 745412 11 786314
I 744623 9 795274
D 729720 7 781231
D 798068 11 798730
D 736698 10 791476
D 712426 8 776023
I 779382 9 788071
D 773079 9 792707
D 783233 10 796957
I 711651 9 716512
I 752689 11 788357
D 708461 7 718354
D 722816 9 746936
D 793781 9 795876
I 729001 8 742545
D 798788 11 799084
I 744316 11 746410
I 781301 8 795725
D 716884 10 769360
D 731861 11 767808
D 788796 9 793718
D 741892 7 799151
I 765126 9 783636
D 705329 8 761127
D 752575 11 758999
I 705767 8 728778
I 786353 7 795507
D 748009 8 771685
I 760133 10 788819
I 708532 9 788116
D 787698 11 799616
D 721453 11 796957
D 756143 11 768151
I 769683 8 778383
D 702417 9 722862
D 764247 11 795109
I 790977 8 797100
I 785366 9 790842
D 748957 11 764120
I 755953 8 784351
D 716915 9 769235
D 769776 9 789588
D 753713 9 763992
I 795053 9 797051
D 732193 11 764254
I 794418 11 797219
I 785773 11 791793
D 715424 10 728510
D 701713 9 713755
I 730005 8 774079
D 764185 9 766835
D 759986 8 796957
I 715834 11 731173
D 754444 8 786615
I 702757 7 737408
I 780863 7 791424
I 786642 9 788051
D 761102 9 788075
D 743979 9 783758
D 793775 10 795054
I 700826 11 791781
D 793609 7 796544
I 702140 10 748422
I 764925 7 793996
D 768192 11 779638
I 706849 9 794644
I 748028 10 795538
D 731184 9 738812
D 719692 8 792673
D 720059 7 753319
D 782260 9 788496
D 727997 11 731748
I 797775 11 798093
I 793764 11 796797
I 774399 10 791257
D 745011 10 780123
I 781364 10 799348
I 787540 8 792336
D 790608 7 796861
I 759558 11 777252
I 723010 10 765979
D 718752 11 775222
I 713973 7 766316
D 776885 10 798971
I 731390 9 758621
I 798433 9 799987
D 740352 9 794452
I 733748 11 777699
D 742193 8 797987
D 788939 7 794593
D 704022 10 750548
D 782673 8 786761
I 722116 7 731744
D 763318 10 786364
I 763390 11 788203
I 735322 10 783258
D 750155 7 761066
D 714838 11 789507
D 725337 8 741006
I 739950 8 770483
D 714663 8 731756
D 767197 7 796002
I 744918 8 758129
D 744451 11 758665
D 758774 8 786019
D 701803 9 726784
I 736656 11 781132
D 795696 7 796534
D 742088 11 771437
D 761530 11 769369
D 730386 11 745514
D 702166 8 725151
D 726905 9 761618
D 707727 10 725099
D 768005 7 791480
I 740195 11 760393
I 794112 8 797661
I 709021 7 709655
I 729332 10 772881
D 729507 7 790682
I 716196 9 797649
D 760507 11 783203
I 766711 10 786541
D 741647 7 799925
D 757901 10 783462
I 749097 11 754823
D 725010 11 798464
I 742700 11 792447
D 776821 9 791039
I 746868 7 752392
D 771596 8 786956
I 737721 11 785451
D 759915 7 778228
D 785413 11 797312
I 778236 7 795249
D 786167 9 798351
D 772002 11 772930
I 725098 10 740981
D 775696 11 795278
I 726358 10 728380
I 774074 8 794445
D 724768 9 726437
I 770424 10 788236
I 797429 8 798882
D 724655 9 749141
D 719384 7 759427
D 786425 10 798200
I 744234 7 789495
D 761714 11 796812
I 722682 11 799264
D 730594 9 763306
D 784727 8 792860
I 777222 11 787977
D 763681 7 777673
I 705005 7 752137
D 759852 10 782450
D 752253 8 756631
I 770150 7 795819
D 763047 10 786242
I 716028 11 798030
D 717274 9 763862
I 796446 11 796795
D 752106 9 774362
I 733806 8 775639
D 745397 9 750084
D 733161 10 790787
D 712909 7 763221
I 731000 11 758562
I 793129 11 793831
I 794640 8 798542
D 784485 8 785688
I 798785 7 798837
D 748936 8 751813
I 771903 10 790033
D 722088 7 768867
D 774634 8 795807
D 774771 7 794254
I 730336 10 786878
I 716835 8 762142
I 791394 10 799199
I 704679 7 774144
D 748608 9 786884
D 774338 9 797423
D 753820 8 785456
I 763786 11 788007
D 779503 10 784588
D 793652 9 794369
I 744686 7 755573
I 762881 8 771063
D 725331 8 726479
D 784627 7 786019
I 789944 11 790089
D 794701 10 797486
I 789244 7 795285
D 763673 7 771733
I 791530 7 794105
I 775559 7 795125
D 714495 7 725136
I 792975 11 796324
D 720079 10 788420
D 769994 10 772193
D 722842 11 747404
I 722327 9 725937
D 738954 9 789347
D 779277 7 794790
D 739875 11 790541
D 712846 11 772141
I 789063 7 792459
D 765989 11 788420
I 706888 7 790312
D 782391 7 793449
I 773785 8 779294
D 740467 11 767673
I 750342 11 785924
D 758399 7 763086
D 779921 10 779995
D 733914 10 769860
D 727954 7 765483
I 753660 9 785447
I 708547 9 746242
D 700461 7 763416
D 749165 10 772738
D 751906 7 786446
D 765912 7 783168
D 794991 8 797436
D 749380 10 770656
I 753445 9 761120
I 784266 11 794047
I 729175 9 784407
D 781206 8 791189
D 710023 8 785061
I 734330 10 748497
I 756311 8 783673
D 739071 7 797684
D 723452 10 767014
D 708414 10 716986
D 727274 9 779514
I 794683 10 796116
D 779494 8 786916
D 703645 10 775204
I 777088 8 786788
D 717412 7 757347
D 746751 8 763201
D 719013 7 756239
I 731855 8 764706
D 791561 11 796770
D 777330 7 792314
D 702152 7 721092
D 758366 8 797535
I 759848 7 769266
D 735247 11 761728
I 729985 8 733830
D 737219 9 761534
D 783254 10 787829
D 706026 9 711911
I 788733 11 790550
D 775311 11 782683
I 770806 7 793362
I 763360 10 781813
I 787315 9 788038
D 737189 11 778082
I 778603 8 782656
D 796403 10 797402
I 765862 10 775913
I 756119 10 779442
I 712277 8 791456
I 751714 8 769554
D 775686 8 794066
I 728630 8 773374
D 702780 11 703236
D 786987 8 788683
I 765464 9 766347
D 754739 7 772346
I 773009 11 792857
D 702160 11 718338
D 797429 9 797705
D 751877 10 759326
D 748454 11 792684
I 751484 8 759611
D 796271 8 796345
I 770205 10 799226
I 723102 7 757735
I 772553 7 776159
I 735346 7 783516
D 736013 11 796850
D 752783 8 754235
D 780828 10 789082
D 723067 11 741264
I 798315 10 799266
I 778460 8 795693
I 723366 7 794084
D 718565 8 730620
D 727168 10 751099
I 732271 11 748677
D 769683 9 770047
I 799618 8 799704
D 727248 8 727293
I 766032 9 788652
D 788682 8 792920
D 797907 7 799961
I 721661 8 726201
I 792213 10 796558
I 778006 8 779284
I 777161 8 788408
D 788689 8 797133
D 724517 10 750852
D 798532 7 798722
I 773047 8 782360
I 746303 8 780343
I 729885 10 787639
I 730473 11 744649
I 746074 7 746403
D 758017 11 794319
I 749495 9 783669
D 787092 7 787352
D 770157 11 774014
I 764042 8 796842
D 732797 8 740364
I 737055 10 767311
D 709453 11 743587
I 761221 11 772060
D 730400 11 798689
I 700987 10 765763
D 750873 9 752367
I 757499 10 793733
I 798974 7 799760
D 761721 9 791319
D 754025 8 756434
I 710397 8 778765
D 706280 11 792482
I 772966 8 785895
D 766606 7 793958
I 776368 10 778857
I 729156 8 730178
D 766185 9 787136
I 742714 9 758287
D 779369 11 792413
I 703163 9 726254
I 787906 9 789392
I 769801 9 782258
D 713951 11 722398
I 705146 7 766596
D 737618 9 758140
D 745521 11 761068
D 705233 11 746707
I 790208 7 796913
I 721965 9 756468
D 755165 8 761841
D 737295 9 767440
I 729843 7 789558
I 781180 7 795066
I 766448 11 794265
I 704399 8 773546
D 748209 11 749727
D 794546 10 794955
I 742471 8 764742
I 700364 11 716203
D 784164 10 795026
D 711890 7 749383
I 793371 7 796753
I 737719 9 771576
I 756867 8 777952
I 729297 8 762047
I 704713 11 791331
I 787662 9 797929
I 704658 10 732837
D 770303 7 787510
I 784930 10 797743
I 702832 8 749617
I 727825 11 739958
I 717653 9 796574
D 763438 9 797108
D 789654 7 790491
D 734358 7 780647
I 768292 9 774114
D 739397 9 777274
I 724333 8 731800
D 723079 11 788409
I 750433 10 778344
I 783332 11 796824
I 708643 11 772198
D 748238 10 764477
I 779124 11 785631
D 715915 11 745427
I 725078 10 780125
I 724259 7 771071
I 777614 7 791403
D 739101 9 758230
I 711801 7 734834
I 751893 10 755880
I 711516 7 791550
D 768470 9 772021
I 782397 10 786557
D 730940 11 768306
D 771991 11 787721
D 737953 11 769827
I 735175 8 739498
D 775309 7 789241
I 738248 9 780369
D 775871 10 786022
I 714214 8 723048
I 750811 11 761282
I 764684 7 765228
I 737544 9 772910
I 783594 10 790048
I 755248 11 780679
D 739492 9 744630
D 704950 8 756832
I 744944 9 752405
I 713746 8 793829
D 710137 7 722208
D 765630 11 768023
D 712291 8 792688
D 761468 8 772706
D 785328 9 793912
D 705641 7 750147
I 732047 9 736468
D 772605 11 798277
I 722959 11 748456
D 740288 10 783344
D 714681 9 715445
I 747439 8 791949
I 712479 8 732345
D 713663 8 781709
I 756981 10 792724
I 733077 10 794471
D 739153 11 768255
D 740631 10 744171
D 766235 7 777084
D 770498 8 780078
D 760724 10 799943
D 733848 7 770902
D 761448 11 794601
D 749743 10 779905
D 759407 8 776288
D 760062 7 773140
I 789879 9 793062
D 749407 8 794766
D 783052 10 793903
D 738656 11 744181
I 763407 7 777619
I 781923 7 783090
D 716790 7 731965
I 728036 10 795422
I 782611 11 798871
D 778456 11 796240
D 766712 8 788121
D 749998 8 786694
D 738866 9 748461
I 715758 8 746613
D 795773 7 796725
D 750239 11 780327
I 738028 11 770974
I 753332 7 767294
D 771647 11 773989
D 787479 9 795580
D 742469 9 746120
D 794820 8 796254
I 701259 7 778526
D 748007 9 777812
D 750561 11 785205
I 733058 10 763066
I 700331 11 778591
D 794828 9 796129
D 724590 7 747102
D 773335 7 796740
I 704558 11 764574
I 754682 9 774259
D 731000 9 782993
D 734189 9 739841
D 790095 10 796864
I 796878 9 799233
I 756488 8 787429
I 777921 10 794072
D 793272 8 795701
D 757323 9 769192
D 772974 11 775984
I 730326 9 733310
I 711264 9 793174
I 706463 7 738999
D 787826 10 796438
D 735577 9 790130
I 708362 11 751687
D 779980 9 798194
I 735854 7 791392
D 750504 8 791979
I 744108 11 761100
I 774769 9 780279
I 717386 8 788777
I 771690 10 773218
D 705609 11 796098
D 781583 8 782477
D 783725 7 794528
D 721411 10 786349
I 720643 11 734149
I 753083 7 771443
D 724403 8 746945
D 743535 11 775944
I 788912 11 792301
I 782489 8 794712
D 756165 8 782619
I 703356 7 732661
D 714501 7 718441
D 703119 7 752651
D 795090 11 796470
I 748912 7 755820
D 778206 8 782135
D 708312 7 765362
I 779706 7 788813
I 731556 7 758050
D 767360 7 778434
D 747008 7 747957
D 789277 7 792409
I 770289 9 774796
D 718484 10 755339
D 798255 9 798393
D 716240 7 759467
D 794806 10 796992
D 722484 10 791463
D 742728 7 749455
D 756122 10 799305
I 704329 8 746682
I 774668 7 790354
I 771728 8 792207
I 711114 7 774156
D 739972 11 768951
I 784550 9 793903
D 783820 8 791793
I 751438 11 799081
I 701292 10 733475
D 731731 8 741691
I 787738 10 791165
D 770382 8 770810
D 724099 9 776794
D 717344 9 728236
D 788676 11 797903
I 783577 8 788709
D 715452 9 752038
I 765291 11 795374
D 729155 7 783156
I 760922 9 776206
I 746243 9 776422
D 757482 10 776851
D 744868 8 798087
D 719960 9 737458
I 770508 10 778070
D 773805 10 797290
I 713171 7 743619
I 739673 10 762581
D 798649 7 799046
I 745522 8 750337
D 717417 7 790193
D 783636 7 789283
I 789894 11 792197
D 750514 9 795617
D 777847 7 796737
D 762119 11 767575
D 766898 9 776713
D 788463 9 793772
I 773587 9 777311
D 795112 10 799587
I 798450 9 799213
D 775982 8 788798
D 710233 8 785057
I 768665 11 797257
D 793053 7 795791
I 765244 11 796044
I 794781 8 798615
D 763238 11 796977
D 758244 11 796097
I 711882 7 757651
D 773722 10 784843
D 760480 9 791438
D 779995 10 782999
D 797045 9 799025
D 725439 8 739407
I 767465 7 799632
I 775755 9 795294
D 710235 7 793435
I 733339 9 793346
D 783991 10 793782
D 702397 8 783551
D 742546 8 771507
D 760273 11 772521
D 773785 8 788412
D 763711 7 791742
I 788051 8 793807
I 700753 9 718108
I 758740 8 789239
D 774255 8 788431
I 706757 8 759564
D 707040 9 795016
D 742052 8 756465
I 753778 7 766775
D 732788 7 779258
I 710615 8 791264
D 734365 11 757410
I 728197 11 754198
I 759444 8 762002
I 708126 11 761551
I 746491 7 746940
D 748549 7 774123
D 768073 11 781021
I 752498 11 778780
I 726818 9 791098
I 725711 9 728620
D 723480 10 761295
I 747922 7 766645
I 738812 10 784743
D 780732 8 788817
I 791252 8 791434
D 764894 11 768814
D 711986 10 738668
D 725269 9 787555
I 731792 9 781784
D 719024 9 720489
