2000
I 121242 7 143737
I 294090 11 295176
I 139063 7 227163
I 209078 11 270649
I 161293 8 275157
I 175434 11 198040
D 138464 8 265099
D 234192 10 276321
I 276903 9 278208
D 242680 7 299108
I 272735 7 286278
I 135775 8 291323
D 163572 7 243303
I 160282 11 201682
I 234826 9 299645
I 270259 8 290545
D 152003 10 190915
I 139268 9 258452
I 258466 11 279567
I 178353 8 260878
D 115224 9 243922
D 230908 10 277439
D 170689 9 282255
I 103614 11 258229
D 163185 7 215585
I 220429 9 256737
I 268688 9 281713
I 235877 9 284291
D 224845 8 277711
I 131408 11 280836
I 184805 10 227942
D 295427 10 296024
I 262169 9 273262
D 144093 8 199450
I 248984 9 275357
I 158606 9 165661
D 163251 10 191665
D 148302 11 276405
I 266349 7 288273
I 204804 7 297921
I 284801 7 294041
D 297083 7 299993
D 215911 7 295972
D 275525 10 282739
D 265387 7 270859
D 117796 8 121416
D 146471 7 165437
I 135466 7 201171
I 226865 10 235635
D 161333 8 279635
I 251001 8 294841
D 262259 7 285058
I 271909 9 298979
D 270895 7 272322
D 225925 8 264637
D 278525 10 279585
D 281542 8 286781
D 119628 8 144652
D 149362 10 189716
D 157248 10 204042
I 189173 11 195531
I 286057 10 296249
I 109519 8 193571
D 171494 10 299988
D 165401 10 244607
D 230192 8 231377
D 231840 8 246111
I 217231 7 282868
D 194485 7 220687
D 240402 7 257994
D 204708 10 215190
D 265654 11 270434
I 277958 11 282054
D 108180 7 168247
D 189316 11 267653
D 188388 8 214899
I 104692 7 154108
D 251605 10 261431
I 176475 9 205083
I 164758 9 283397
I 104856 10 198596
I 187225 8 297816
D 184954 11 212785
I 299932 8 299993
D 105814 11 239480
D 135217 11 271654
D 100049 7 250756
D 172090 8 286839
I 261285 8 269583
D 220539 9 267634
D 188583 11 208615
I 145290 7 226830
D 218996 10 294956
D 186327 7 292125
I 258668 10 295435
I 297629 9 298455
D 289192 7 297940
D 218204 9 241480
D 191485 7 255648
I 130646 8 180816
I 193828 10 215517
D 120516 10 285880
I 250431 8 277540
I 124101 7 223944
D 189121 10 293105
D 201556 9 279364
D 114022 10 119752
I 283007 11 284162
D 243588 10 298660
I 161623 9 240990
D 128944 11 285100
I 265756 11 275439
I 184429 8 254106
D 204994 11 236515
I 238577 7 265086
I 236868 7 271440
I 219088 8 280852
I 111243 10 266636
I 158678 10 179358
I 225342 8 274499
D 175242 11 256235
I 189262 7 265051
D 218497 11 252350
D 157914 8 284709
D 213211 7 282228
D 120128 7 139851
I 287285 10 299708
D 255031 10 272893
D 179852 8 181763
D 202160 9 247196
I 167431 10 269137
D 290264 10 299574
D 298438 8 299324
D 286241 7 287704
I 266297 9 272207
D 159394 10 194379
D 250078 7 264012
D 133887 9 147376
D 203269 11 257776
I 195833 10 282543
D 283839 9 284943
D 237864 7 269886
D 160726 10 251818
D 180931 10 247556
I 117925 10 271325
I 259103 9 276620
I 121960 10 161303
I 134057 8 297217
D 178040 7 281825
D 120898 8 174719
D 118264 10 128348
I 171512 11 264012
D 127421 10 199780
I 245565 7 249915
D 137142 8 213587
I 250608 9 270564
I 170590 9 223775
I 193682 8 291767
I 116162 10 203405
D 235137 9 278528
D 131467 8 250265
D 138246 9 289359
I 138430 11 212476
I 272775 7 274719
I 175455 9 180661
D 131617 9 254353
I 190170 9 239377
I 123980 8 254459
D 289625 8 293197
I 149324 7 257285
I 154822 9 166150
D 236277 11 260745
I 292909 10 298031
D 139307 7 252841
D 218686 7 253138
D 155226 10 262855
I 143213 10 294335
D 295592 11 299977
D 280608 7 281583
I 235611 7 273733
I 222326 10 263657
I 138817 8 149983
D 188976 11 208325
I 164347 10 227567
I 207126 11 246853
I 219277 7 230286
I 240097 8 244020
I 244058 8 298147
I 287748 11 295161
I 115977 7 195633
D 263518 8 269624
I 118477 11 263378
D 250187 9 271092
I 123649 9 208157
I 237291 10 262467
I 118983 9 136971
I 225583 8 284435
D 297897 9 299176
D 249809 9 265119
D 283057 7 291432
D 159608 8 256235
I 247121 9 295863
I 271394 10 283864
I 182413 11 220417
D 185095 9 264062
D 216593 9 226164
I 126449 10 269641
I 286833 11 289531
D 276062 9 290511
I 112858 10 149552
I 121493 8 230043
D 119536 7 133966
I 185387 8 251834
D 203817 11 244129
D 172678 9 227439
I 256960 9 259550
D 236395 10 258465
D 123525 10 140606
D 140917 8 227353
I 191767 7 216914
I 279575 7 284631
D 127094 11 209226
D 131737 9 299937
D 214217 8 253539
D 102731 9 110266
I 241720 11 275252
I 237620 7 258029
D 295823 7 298817
D 186682 9 212844
I 246791 8 271028
D 177690 8 291428
D 165351 11 184193
I 104822 10 233208
D 109955 10 278798
D 169854 7 226052
I 209294 7 255187
D 253178 8 263042
D 224567 10 251045
D 127284 8 169873
D 277976 8 279234
I 147402 11 234826
D 146116 11 152849
D 111016 11 178798
D 259738 7 277155
I 298027 9 299980
D 192137 7 250035
D 277735 11 279939
I 258222 8 285356
I 229732 11 273991
I 211122 9 290492
I 163485 7 194071
I 130836 7 279517
I 288433 11 299141
D 182664 8 187790
I 233412 10 257754
D 222171 11 266096
I 286277 7 289240
I 218375 8 284038
D 296707 9 298467
I 224681 8 231140
I 265418 10 281304
I 294394 10 298439
I 297739 11 298596
I 241959 9 252392
I 117126 9 265834
D 205226 9 218470
I 279190 10 292977
I 250955 10 287227
I 160788 7 224825
D 133750 11 239487
D 254003 9 282425
D 113754 8 173737
I 267613 9 268994
I 101338 9 222014
D 284215 8 285965
I 199267 10 226347
D 297616 9 298798
I 296286 10 297810
I 205762 10 207980
D 189159 11 216524
I 186461 10 220054
I 114123 10 150033
D 145599 8 255696
I 243970 8 249583
D 287744 7 297287
D 104657 7 293983
I 289313 11 290519
D 289190 10 296765
I 171358 10 261542
D 206545 8 284584
D 147882 11 193485
D 288308 11 289053
D 212780 8 289683
D 101270 11 192327
D 256995 8 276637
I 277138 9 298201
I 127802 7 289026
I 124618 7 276311
I 160944 11 169383
D 173659 9 247411
D 274051 7 275844
I 220420 7 267877
D 271848 8 281777
I 118537 9 232446
I 286252 7 298592
D 117254 11 271949
D 270801 9 290630
D 173011 10 270687
I 242907 7 258592
I 153365 11 254972
I 294506 11 295472
I 139335 8 266863
D 177467 7 270413
D 133899 9 141823
I 170630 9 217506
I 221485 10 257866
I 202416 10 274707
I 226530 7 296172
D 243208 9 254417
I 193631 11 211084
I 105436 7 271802
I 114511 9 215160
D 292869 9 298849
D 242306 10 259322
D 255736 10 287301
D 117607 11 256860
I 229196 7 255852
D 279074 11 280465
D 105521 8 280672
D 134866 10 268137
D 112788 8 132528
I 137890 9 158215
I 242727 8 293315
I 111780 11 130615
I 154003 8 270210
D 295514 9 296672
D 267571 8 293894
I 138594 10 140530
I 170676 10 241347
I 114628 9 295770
I 106384 7 117828
I 123911 7 238336
I 204587 9 241710
D 240095 9 249180
D 204929 9 234106
D 180684 9 181681
D 159876 9 299135
D 117700 10 138686
I 195583 7 199241
D 177710 11 262069
D 171051 8 243327
I 273670 11 278643
D 194038 11 202329
D 284740 9 293635
D 250292 9 259714
D 210818 7 296566
D 100819 7 107176
I 122780 8 159527
I 118358 9 253803
D 178738 10 243520
D 176774 11 226741
I 150997 10 206829
D 288964 11 299438
D 126686 9 138985
I 131858 11 180109
D 242341 7 293058
D 235709 10 264343
D 299933 9 299953
D 199708 8 204732
D 278089 9 296530
D 202429 11 286626
I 268015 7 271828
I 200310 10 297861
D 148298 8 193963
D 134316 8 188130
D 298500 8 298779
I 255374 11 268438
D 241204 10 298652
D 287378 9 295468
I 101713 8 162881
I 200267 10 215711
D 128739 10 240407
D 201423 7 236853
I 294929 10 298164
I 149254 9 288812
I 150291 7 154791
D 231183 7 249877
I 226072 7 279983
I 148938 11 297599
D 232259 9 254780
I 173593 9 266351
D 169429 10 267620
I 135075 11 264203
D 287107 8 299835
D 187018 11 221130
D 141325 11 220607
I 119744 9 155663
I 227166 8 251908
I 172936 7 265477
I 106715 9 112751
D 231965 11 243610
D 156026 8 258581
I 178852 11 220075
D 288625 9 290794
I 297159 10 299872
D 108738 7 142683
D 140120 11 184913
I 193016 8 264922
D 253790 9 266472
D 223834 11 254255
I 289119 10 294669
D 241867 9 267948
I 228576 7 265850
I 247681 9 272294
D 285419 11 292726
D 223710 11 241014
D 176477 10 221961
I 185582 9 251584
D 165026 10 295916
D 190398 9 211751
I 298969 10 299267
D 109096 7 141542
D 192697 8 201536
D 185630 9 238179
D 161379 8 175438
I 229600 8 268850
D 179457 9 202431
I 246489 7 260733
I 123984 7 161923
D 212643 10 266186
D 285263 8 296444
I 161235 7 239079
I 255936 11 292275
D 156634 10 196724
D 144211 8 181435
I 171778 10 256953
D 293893 8 297917
D 180060 7 287235
I 117670 11 241663
I 296221 11 296840
D 150371 11 258487
I 143063 11 265109
I 277838 9 287429
D 139688 11 142957
I 269672 10 271314
I 167734 9 184504
I 162005 7 263876
D 260929 8 292380
D 177992 7 247063
D 174017 8 284473
I 103344 11 119882
D 238226 7 276840
I 151337 10 219760
D 242768 7 265759
D 242572 8 256589
I 136941 10 208642
I 299607 8 299788
D 176730 8 279054
I 211725 7 282304
I 226661 7 243557
D 182605 7 222974
I 132881 11 191101
I 170701 7 217144
I 130102 9 239801
I 225931 7 240900
I 235011 10 259900
I 166603 11 295244
I 142745 9 250923
I 177311 11 239149
I 286106 7 289329
D 250383 9 269566
D 248044 7 297364
I 229712 11 245531
I 259045 11 264989
I 135385 10 287441
D 291885 9 298324
D 293360 9 293726
D 243627 8 257938
I 127900 10 284005
D 237811 9 248586
I 284629 10 299952
D 264377 11 296499
D 128896 8 263522
D 203711 11 232668
I 234053 8 295989
I 122419 11 227397
I 251588 10 264590
I 186926 10 221892
I 199527 7 287076
D 106225 9 223559
I 122628 11 149261
I 136896 10 187356
I 280102 11 291060
D 177327 10 254714
I 286812 10 297804
I 168778 11 276045
D 268179 8 280282
D 200526 8 219539
I 141540 10 180120
D 279452 8 289053
I 288327 8 299207
I 178574 7 298268
D 179320 11 256308
D 234609 7 248275
D 231242 8 281608
I 239606 11 284743
I 244379 8 290877
I 274822 11 288587
I 276128 10 293616
I 113627 10 123879
D 158021 7 185290
I 144207 8 256564
I 153737 10 207432
I 238441 7 290134
I 276105 11 296552
I 171510 11 291194
I 289467 11 292912
D 176403 10 284926
D 246851 9 276314
I 126352 10 247579
D 120335 10 284342
I 148528 7 177269
I 131073 7 231629
I 298519 11 299099
I 162257 8 265485
I 141547 11 165728
I 271144 7 282547
I 294813 10 298932
D 190026 11 238544
I 157429 7 294688
D 134834 8 255737
I 296945 8 298986
I 264866 9 268550
D 176573 7 199015
D 240455 8 269291
D 116561 7 212135
D 247192 7 255174
D 216635 9 278858
D 280566 7 294726
I 261601 7 277231
I 215961 11 254410
I 250310 8 290353
D 214669 8 215548
D 184989 9 235581
D 172765 11 257096
D 250535 11 279648
I 112194 10 148618
D 227561 9 275350
D 217146 8 269243
D 134295 10 238130
D 124101 7 223035
D 279049 7 288105
I 123018 11 267724
I 126338 11 186657
D 167731 11 231941
D 204988 9 229739
D 139716 8 191421
D 189231 8 251832
I 261653 10 296171
D 116170 8 166883
D 294749 7 295935
D 293870 7 297092
I 141270 10 230714
I 203786 9 274555
I 117368 7 178633
I 139857 8 193714
I 162653 7 163195
I 202298 10 295114
D 137412 9 262072
D 276162 7 286162
D 227631 11 257574
D 228991 9 298524
I 102241 11 109308
D 228194 8 240315
D 262355 11 294685
I 281357 8 295308
I 179697 9 180027
I 211996 9 274837
I 185670 10 287565
I 137933 8 183878
I 138160 11 146127
I 283281 8 290432
D 190603 9 278850
D 225679 7 294198
D 190778 10 200585
D 211006 9 217385
I 184235 10 265022
I 223198 7 265283
D 291582 11 295035
I 225432 7 248756
D 100294 9 103729
D 121294 7 291801
I 173914 10 202271
D 194438 11 265150
I 144332 9 213104
I 252821 10 279535
I 277288 10 291315
D 219600 10 289902
I 282471 9 291882
D 115595 8 179203
I 249793 7 258599
D 164225 8 211015
D 192014 8 205027
D 180132 10 290112
D 281090 7 298893
I 180120 11 298621
I 165759 7 298156
D 271088 8 287569
I 149788 10 232618
I 225108 9 265847
D 207467 8 222485
I 182756 7 189773
D 149199 9 224921
D 158241 7 225983
D 168727 9 213352
D 226438 9 245678
D 243850 10 292740
I 212617 7 224126
I 239918 8 276327
I 144262 10 179777
I 174612 8 190193
I 130497 7 149297
D 136602 9 231487
I 218672 10 264832
D 133416 8 287155
D 157245 9 253705
D 191718 7 241727
D 220041 9 273445
I 167008 9 223843
D 114795 7 293572
D 253374 7 257970
D 135150 8 273490
I 201404 10 245160
I 293784 8 294160
D 206489 10 279711
I 117768 9 256617
I 214043 7 265523
D 159266 9 169414
I 210168 10 253105
D 115458 9 125334
I 149680 7 291238
I 167565 10 205989
I 160139 11 194092
D 151923 8 227864
D 198084 9 281504
I 247602 8 266580
I 282691 10 292109
D 171835 7 222574
D 248697 10 269828
D 202690 9 236971
I 233476 9 233668
D 134288 10 267521
I 249257 11 257422
D 238915 10 263629
I 136895 9 228761
I 298833 7 299067
I 102680 11 128812
I 189628 8 282917
I 210155 10 228725
I 121668 8 165756
D 153933 9 238127
I 245480 9 265031
I 132464 9 266100
I 179051 11 291877
D 115755 7 216872
D 273051 11 280438
I 139375 10 284384
D 206257 7 249498
D 220926 10 270036
D 289920 10 296682
I 105054 9 169420
I 238787 11 249297
D 190459 8 230825
D 232021 10 269065
D 123901 7 196908
D 167787 8 169205
I 215424 10 221190
I 105887 11 207442
I 201452 11 246878
I 284000 8 288820
D 210370 7 284639
D 204258 9 282847
D 212163 7 286923
I 285155 10 296135
I 177637 11 200517
I 290102 10 291034
D 204698 9 249829
I 113203 10 158678
I 227018 8 241739
I 242078 7 259378
D 125825 9 220436
I 232304 11 234532
D 203559 8 238736
D 197912 10 247301
I 134598 10 155667
D 238707 11 295054
I 226384 10 279330
D 289949 10 292978
D 298106 10 298509
D 227963 8 264297
I 177835 10 227024
I 246337 7 295017
D 293279 8 296801
I 196067 8 248322
I 193000 10 201321
I 288096 11 296706
I 280218 8 292794
I 269631 9 275281
I 106975 7 254636
I 176411 9 185662
I 114210 11 275193
I 128166 9 227580
I 292932 7 296001
D 225809 10 264646
D 258533 9 281052
I 198984 7 248409
D 215894 10 234839
D 284789 11 284942
D 184333 10 254645
I 296801 8 298978
I 199286 7 218801
I 275864 11 282208
D 279177 11 291876
I 190801 10 296096
D 139201 11 166765
D 297795 10 298085
I 202291 7 276206
D 152092 8 256659
D 257989 8 269109
I 251658 8 282863
D 160906 8 271787
I 134031 11 236606
I 226332 7 254103
I 181050 10 204766
I 165906 11 238203
I 106891 10 130722
D 241018 11 243810
D 161229 11 172489
I 115390 9 175249
I 247603 11 281103
I 285291 7 285617
I 270136 10 284670
I 273301 10 277393
D 102734 8 268362
D 245507 7 259683
D 128898 8 257083
I 127716 10 173139
D 138906 10 291829
I 157080 11 248059
D 163872 9 293834
D 158887 7 280405
D 163948 7 255921
D 157854 10 287997
D 130655 9 296619
D 206062 11 251400
D 195945 10 220639
I 223114 11 233148
D 244219 7 262289
I 231754 7 297025
I 271353 7 280899
I 286154 9 298811
I 146630 8 250772
D 263514 11 264192
I 217624 11 246194
I 271416 10 272753
D 214956 11 240509
I 160171 8 187218
D 156764 8 180735
I 146415 9 268550
D 266605 10 297902
D 224132 9 265277
I 144020 10 224518
D 250861 7 271071
I 210835 10 290598
I 280939 10 289352
D 284452 9 293714
D 172174 9 230961
D 107002 7 208099
I 239769 10 246055
D 263004 10 270807
I 217898 9 272067
I 136730 10 222189
D 276254 11 285991
D 247799 10 280053
D 290189 8 291920
D 169678 9 171942
I 169384 9 239191
D 251627 9 289557
I 288159 10 298330
I 105349 10 256460
D 182096 9 249828
I 191143 9 206779
D 107247 8 269025
D 217817 8 221783
I 108395 7 208693
I 275934 8 298039
I 113180 7 142563
D 282476 9 292369
D 291136 11 296169
D 125423 10 155289
I 207948 10 261333
D 182402 9 215517
I 241238 10 285011
I 159230 9 216302
D 218145 10 275150
D 208322 7 295987
I 292794 7 296441
I 107260 11 263497
I 191697 8 264693
D 213841 9 252161
I 294495 11 297305
D 125620 11 157314
I 253516 9 274874
I 171309 10 293862
I 152723 11 173470
D 167979 11 247579
D 247676 10 250641
D 147345 7 285834
D 173912 10 287035
I 117617 8 213401
D 213309 9 289659
D 152363 9 170881
I 173295 7 244773
D 155536 8 228324
D 158848 9 194179
I 102225 7 227244
I 285161 7 296370
I 149726 7 255563
D 144780 10 262673
I 187951 7 227679
I 121599 9 128486
D 148840 8 183905
D 165346 11 261784
I 200558 11 214828
I 233934 9 239325
I 152926 8 175124
D 224771 10 290095
I 209237 10 268920
D 255275 7 285344
D 290601 9 293832
I 196195 8 286118
D 242227 9 255228
D 180637 11 265078
I 111286 7 177781
I 172382 7 226835
I 133670 9 281333
D 182173 10 262772
D 170120 8 279007
I 266037 8 296992
I 171257 7 293975
D 147416 9 298782
D 282799 10 296108
D 172153 10 269939
D 127073 8 227570
I 217850 8 245069
I 269504 11 290310
I 228952 9 229849
I 109761 9 289606
D 191007 8 290974
I 190957 11 232299
I 261640 9 291163
D 273256 10 282131
D 127420 7 235924
D 292462 9 292941
I 169206 9 202202
I 205626 7 298425
I 211076 7 227760
D 194917 10 251545
D 146359 9 224665
D 259048 7 264835
D 297874 9 299190
I 223902 8 291503
D 194030 11 195890
I 274839 11 274917
D 285083 10 286313
D 291118 7 291976
I 128580 10 263689
D 149992 10 290809
I 139665 8 201087
D 227178 10 278151
I 263310 10 281561
I 147370 8 163267
I 177931 8 180962
D 127184 8 169172
I 202792 11 265992
D 287086 11 293726
I 213147 10 292781
I 283387 8 284959
I 270778 9 271622
D 174012 11 198562
D 211831 9 224515
I 141634 9 194796
D 170648 9 229630
D 274202 9 299072
I 244980 7 263631
D 207605 8 245825
D 123883 11 270083
D 203098 9 242878
D 137968 11 257868
D 104682 7 200510
I 288867 11 288935
D 264058 8 264696
I 231146 7 283748
D 211722 11 234699
D 113389 8 280683
I 257463 7 274068
D 296447 10 297367
I 290441 8 293871
D 159097 9 238262
D 179810 8 181608
D 101864 8 210419
D 250904 8 260058
I 137814 9 267084
I 164456 7 287112
I 117345 10 207461
D 261446 7 269221
I 161959 7 258597
D 295890 9 297864
I 145036 9 177686
D 260508 7 270953
D 111977 10 142983
D 108640 10 292246
D 242666 10 284245
D 262128 11 293377
I 299350 10 299498
D 271305 8 296183
D 130898 10 289070
D 270995 10 296522
D 268612 10 293431
I 209474 8 297974
D 139943 9 281553
D 130217 7 253162
D 203412 9 257181
D 142189 10 223830
D 183977 9 185745
D 152613 11 251791
I 100257 10 113080
D 232925 10 288786
I 231114 7 235639
I 262021 11 295667
D 164961 9 208126
D 249950 9 257816
D 145011 11 208529
D 287541 10 288850
I 111038 9 281128
D 116810 7 247385
I 173754 7 193226
D 111406 10 147140
I 189297 8 285638
I 151162 7 250767
D 219489 9 240127
I 211109 11 270823
D 258203 10 288754
I 158153 10 288298
I 208110 7 250314
D 210027 10 285067
I 105165 10 279955
I 168643 8 230938
D 143165 7 145204
I 274854 8 277969
I 109171 8 131334
I 191823 8 215324
D 222792 8 225467
D 110044 8 270377
I 217923 11 221613
D 196206 10 248259
I 279095 10 294079
I 267432 8 272042
D 144458 7 204419
I 231168 11 265581
D 119982 7 134991
D 108767 7 181139
I 137271 7 267227
D 238995 10 250469
D 170969 8 243995
D 151756 11 206459
I 297537 7 298770
I 111174 8 165375
D 243123 8 299455
I 257558 8 296558
I 250248 11 287830
I 169243 10 287839
D 254962 11 296212
I 265588 11 295832
D 191099 9 202317
D 287992 7 293462
D 254677 11 255286
D 296526 11 298406
I 195793 9 245194
I 139013 11 202003
D 261566 9 268209
I 260832 11 267032
I 115845 8 236708
D 135393 10 161105
D 276356 7 290447
I 107142 9 169468
D 101427 10 224122
D 158892 9 166904
D 175963 10 186735
I 189428 11 197794
I 166400 11 284926
I 197576 9 265600
I 234502 8 296537
D 279432 7 293553
I 266408 10 289702
D 133674 7 298419
D 288348 8 288984
D 105491 7 241656
D 236596 8 254216
I 278210 8 294678
I 207253 8 271607
D 197099 10 211236
I 222796 11 285487
I 113455 11 227891
D 297202 8 299001
D 236508 7 241680
I 205559 7 256082
D 207232 7 243563
D 176847 11 254966
D 142823 8 217552
I 215974 10 280381
D 174715 8 251077
D 196891 11 252199
D 293244 10 295174
D 232633 8 280836
D 194395 11 213024
I 172485 9 176063
I 299030 8 299080
D 229391 8 285741
D 155049 11 203712
I 168741 11 298383
D 103786 7 287988
I 148728 11 238647
I 188664 9 279711
D 184653 11 225997
D 213772 11 214958
D 239997 8 294191
I 157181 7 244893
D 249778 8 276015
I 208740 11 292207
D 212648 9 285829
D 168200 9 188393
D 242979 8 262077
I 222759 8 232482
D 229123 9 269661
D 189791 11 232166
D 117223 9 219147
D 180598 11 280455
D 107702 7 202235
D 258661 10 261264
D 220643 11 246903
D 242118 9 298046
I 273523 10 295130
I 166398 10 280704
I 100119 10 132490
D 115462 7 147729
I 186444 10 206439
D 265240 7 286603
I 296705 10 298539
D 222930 8 280394
D 236783 9 281095
I 274733 8 288032
D 167417 7 230972
I 215244 8 270957
I 139912 9 169492
I 289169 7 290948
I 250595 7 286842
D 198940 11 203467
D 268957 7 277389
D 176103 7 276251
I 255490 10 264150
I 175946 8 216021
D 236410 9 291733
I 290587 9 298354
I 236990 11 255151
D 256748 8 265744
D 122350 11 285721
I 280856 9 290398
D 248574 11 280237
D 243921 10 281853
I 101613 10 246356
D 252716 7 280907
D 181609 9 268573
D 216016 8 265975
D 248531 7 283951
D 253840 11 259807
D 154788 10 215862
I 100688 11 198128
I 113137 11 256767
I 242927 10 278005
D 234955 10 298787
D 232155 8 286356
D 172180 8 252575
D 112809 8 130244
I 263156 10 281428
D 110113 8 166861
I 152219 8 167913
D 102134 10 259388
I 152573 11 191342
D 131492 11 231078
D 268620 7 274035
D 123123 8 218134
I 145678 7 266834
D 232386 10 258581
D 270922 10 274958
I 275989 9 293509
I 283793 9 291744
D 223989 8 255345
D 112581 11 181927
D 119098 7 262422
D 262853 11 266080
I 235109 7 280458
I 143459 8 173789
D 146333 11 173907
D 230850 8 264540
I 270912 9 270955
I 196948 9 255970
I 293568 10 295659
D 214257 11 234056
D 236426 10 250263
I 233037 9 254067
D 266209 9 299046
D 294015 10 296871
I 163737 7 219234
D 290125 9 297844
D 247790 10 266857
I 275732 7 294641
D 201426 9 270931
I 187749 8 223647
D 205293 8 241184
D 205024 8 298649
D 173777 10 222190
I 212856 7 299835
D 181482 8 238623
D 226538 11 285856
D 298639 10 299397
I 140746 9 153744
I 238199 10 284659
I 111762 11 296908
D 202892 7 259313
D 264872 8 289082
I 226355 9 292660
I 206982 7 242141
D 270522 11 282599
D 205771 8 211888
D 299339 11 299783
D 201770 7 247230
I 276844 11 279862
I 259785 9 279742
I 292794 11 294316
D 194072 9 200457
D 241572 10 265563
D 288210 10 289236
D 290827 8 291321
D 127555 10 148627
D 183584 9 288942
I 149105 9 249761
D 275785 9 299064
D 118878 8 224050
D 102183 7 281513
D 230801 8 256670
I 290626 11 294459
D 192099 8 273511
D 221564 9 236915
D 198349 8 205355
I 207686 9 267451
D 179471 7 215327
D 118912 11 189088
I 135555 11 240486
D 241811 11 274343
I 181103 7 182336
I 104210 10 268771
I 219665 8 277104
D 109558 11 209953
D 195558 10 238483
I 147494 9 250977
D 114719 9 286226
D 214000 7 261882
D 238581 9 281560
D 295810 7 297820
I 183545 7 258851
I 299491 10 299694
D 192382 11 298024
D 173332 10 278183
D 251657 11 252249
I 240291 8 287478
I 211637 9 271372
D 159719 11 299571
D 131968 9 208552
D 100569 8 198190
I 170181 10 185877
D 187353 9 271836
D 273909 10 298507
D 148823 11 184225
I 193699 10 220648
I 160429 7 250923
I 187486 7 229189
I 149663 10 238670
D 159048 9 281050
D 223031 9 272714
D 224940 7 276221
D 147384 11 164103
D 193059 11 299507
I 293737 9 299159
D 185135 10 195805
I 272195 7 282576
D 131284 7 165266
D 200711 7 289633
I 153694 7 205815
D 119488 10 292678
I 166192 7 240745
D 260622 10 292628
I 206958 9 269203
D 141947 10 147054
D 176694 8 289157
I 249928 8 254119
I 119671 7 285332
D 179111 8 231814
D 165156 8 215579
I 129902 8 178059
I 166361 11 236524
I 273130 10 292260
I 202742 10 235854
I 144655 7 288498
I 215814 10 288145
I 114442 9 133542
D 189062 11 203193
I 110921 9 222165
D 283871 10 298141
D 141385 11 276150
D 113444 10 264407
D 216541 11 274413
D 262006 10 269741
D 173444 8 186634
D 104719 9 219944
D 199242 7 247564
D 174470 7 230470
I 115630 7 147122
I 297325 7 299769
I 264230 8 285550
D 161280 11 220279
D 122656 8 155719
I 116260 11 181507
I 242526 7 292837
I 298257 9 298883
I 201993 11 297880
D 221132 11 290557
D 129454 10 172718
D 232266 9 268048
D 263579 9 274040
I 187101 11 261709
I 135561 8 235495
D 211469 8 243006
I 248072 7 268782
D 271917 9 286571
D 230947 8 285015
D 170665 8 190579
I 122306 11 127984
D 165964 10 281808
I 224253 7 272822
D 275210 7 278733
I 109800 7 115941
D 293635 11 295639
D 203392 10 227638
I 198173 11 240637
D 175338 11 183482
D 132605 8 145008
D 227546 9 289942
D 281379 8 283431
I 184258 11 279759
I 288967 9 299923
D 105410 11 119846
I 157298 10 291191
D 158817 8 237537
I 141999 9 210916
D 285134 7 295141
I 241921 11 280320
I 260176 7 283347
I 204421 8 266428
I 260647 8 283274
D 276768 11 281036
I 186931 7 279865
D 120847 9 144996
D 289416 7 290308
D 189671 10 253818
I 156842 10 213314
D 152589 7 293843
I 234239 7 264318
I 282830 10 290575
D 280738 11 295558
I 229918 8 296396
I 188170 11 200240
D 236897 7 279790
I 114378 11 136405
I 151372 10 225652
D 264804 8 272853
D 298001 11 299922
D 162325 7 286443
I 167490 7 252879
I 148999 8 253795
D 117366 11 178256
D 105060 7 154457
I 111586 7 133416
I 231828 9 296179
D 146389 9 275487
I 270596 8 278445
I 210537 10 283120
D 283279 9 297901
I 159101 9 190707
D 257758 9 293877
D 213458 7 280599
D 256129 9 271990
I 208232 10 269356
D 163811 10 288085
D 102649 11 288000
I 159947 8 296681
D 273280 11 295781
I 264122 11 275648
D 225905 8 292742
I 246918 8 253996
D 141717 10 198821
D 222342 9 251191
D 230217 9 299424
I 139478 11 279150
D 113139 7 258011
D 203502 9 282244
I 153986 7 190283
I 221263 10 291692
I 225925 7 279328
I 210110 7 220850
I 283588 7 288240
I 248249 9 270639
D 109701 7 225986
D 288906 7 299971
I 278614 11 279544
D 208382 11 213382
I 121599 8 133633
D 136248 11 153962
I 123348 9 293780
D 239403 7 295086
D 111205 7 269989
I 175571 10 221377
I 252525 7 278523
I 220720 11 299091
D 253037 8 292954
I 269819 8 275883
I 248389 7 295980
D 288475 11 292487
I 216207 7 238728
I 118615 9 249845
I 116557 11 178828
I 205309 11 208771
D 279733 8 290174
I 254772 7 269160
D 235443 7 248771
I 286755 9 294337
D 154230 8 255101
D 187705 7 205911
I 210441 8 272648
I 277693 9 297474
I 283528 7 287815
I 177939 9 232189
D 247766 10 254238
I 180639 8 219118
D 199387 7 274280
I 142041 10 232227
D 143208 11 213386
I 124902 10 207309
I 173580 9 202539
D 170965 8 178473
D 142288 9 214678
I 119950 11 289428
D 114712 7 133372
I 267946 11 281840
D 163706 11 261591
D 147137 10 252969
D 101239 8 204381
D 225981 9 245871
D 162774 10 256000
I 184866 11 187136
D 240694 8 252658
D 115040 11 141224
D 251443 10 271218
D 262902 7 276415
D 175882 9 279472
D 133978 9 210095
D 170748 7 221378
I 283586 9 290463
D 131365 8 261725
I 284832 11 295970
I 146844 8 229158
D 291069 8 291365
D 201902 10 224395
I 281832 8 284074
D 217504 11 230454
D 145444 10 240909
D 184052 7 196595
D 167376 10 254542
D 101824 11 243138
D 180617 8 237563
I 116635 7 217178
D 243969 8 283098
D 265115 10 297380
I 206144 11 267709
D 155988 8 295304
I 130343 7 183968
I 136096 9 206110
I 161156 11 288751
D 249452 11 260567
D 221446 10 234548
I 176606 8 258154
I 267073 7 294019
I 274593 11 291188
D 267378 8 299382
D 130632 7 233347
D 129905 9 276796
D 187414 7 226419
I 131819 11 169174
I 221427 11 274684
I 296183 8 299885
I 212152 9 292378
D 187666 7 197630
D 154942 10 190076
D 238048 8 293941
I 250839 7 278622
D 267821 10 284445
D 261327 8 285053
D 214184 7 292135
D 287843 11 291775
D 292826 11 296704
I 186578 10 264392
I 118094 7 249814
I 269838 10 292305
D 262978 8 275021
D 251528 8 285046
D 172844 11 258134
D 278027 11 298739
I 261346 9 266435
I 192533 9 199479
I 166775 11 168967
D 181986 7 192004
D 203573 7 233716
I 105454 10 241333
D 223147 11 233638
I 226877 10 263958
I 242803 11 289518
I 191642 9 247704
D 268935 11 286214
I 247795 8 272202
I 258772 9 281720
D 236513 10 294830
I 237319 9 263995
D 103499 11 225017
D 120313 7 203349
I 162023 8 176511
D 248891 11 276913
I 264883 9 292912
I 151495 8 282061
D 279236 11 280583
D 137555 9 147642
I 293085 11 299406
D 150152 11 189354
D 196903 8 264903
I 279625 9 285048
D 294316 7 298626
D 230594 8 243960
I 237982 8 297994
D 239314 10 272406
I 123337 10 180631
D 235912 10 245687
I 238111 7 270868
D 125063 11 161404
I 291266 7 297862
D 123090 8 180662
D 214993 9 274122
D 184470 9 222874
D 224909 7 254662
I 146142 9 278468
D 129873 9 296975
D 117728 9 247739
I 164686 7 196972
D 259628 9 295524
I 132359 7 224563
I 162024 7 225366
I 243968 7 261350
D 200212 11 243259
I 173803 8 271451
D 297556 11 298515
D 130065 8 198214
D 180009 10 192029
D 183834 10 228842
I 168129 8 278041
I 143867 7 166367
I 225734 7 235236
I 197520 11 283856
I 297310 11 299015
D 185597 10 275389
I 195084 10 198854
D 141272 10 268256
I 108777 11 228472
D 209450 10 226278
D 128065 7 258045
D 124451 11 153649
D 299325 7 299714
D 292652 10 293233
D 201713 7 286078
D 179685 10 235306
I 265306 11 286780
D 218029 8 259475
I 259432 7 297215
D 135877 8 200621
D 262368 9 267282
D 245976 10 275691
I 269881 11 282254
D 224292 11 273550
I 195901 7 276712
I 218593 9 285524
I 294530 8 294772
I 266782 10 285147
D 246849 8 263309
D 104334 7 143397
D 205323 10 239018
I 137595 8 217214
D 116748 9 295966
D 266465 8 291811
I 116975 11 229736
I 122021 11 139269
D 210146 11 254050
I 194039 9 291396
D 129232 7 203866
D 262119 10 268483
D 269719 9 274692
D 260585 9 290072
I 212210 10 273112
I 192597 9 256471
I 239568 7 283481
I 216790 9 293900
D 282934 7 284848
I 142493 11 243272
I 230422 7 257388
I 275526 9 299133
D 120765 9 211465
I 148413 7 184991
D 104916 8 185018
I 103374 8 203216
D 144048 10 273379
I 113360 7 218988
I 202753 11 294945
D 268076 7 276910
D 287782 8 287989
D 297443 10 299927
D 199212 9 259190
D 232370 8 241929
D 129361 10 154321
I 239607 10 299424
I 136989 9 299830
I 256094 8 273550
D 211139 10 218346
I 293299 7 297518
D 165334 9 270579
I 217191 7 295916
I 258650 11 295184
D 111215 10 126268
I 112989 8 225113
I 105614 8 123075
I 185838 9 199779
I 276594 10 285646
I 205202 10 294498
I 141273 7 295175
D 288400 10 299449
D 273564 8 278927
D 257091 7 257828
D 107065 11 261896
D 263835 9 290019
D 125405 9 258412
D 214179 7 298764
I 255989 8 279562
I 251363 8 295637
I 206755 9 242642
I 146584 10 262004
D 292373 9 292966
D 115763 7 117889
I 117065 11 153588
I 175564 11 298451
D 137945 10 278354
I 277245 8 292083
I 151620 10 280557
D 181555 11 285264
I 102942 9 155256
I 213681 7 254961
I 132750 8 155439
D 240984 7 275973
I 225834 9 266639
D 151872 11 283987
I 201573 7 255517
I 221865 10 271326
D 104105 7 251494
I 153990 9 197616
I 201468 9 222525
I 149510 10 267439
I 182997 10 299164
D 296775 10 298985
D 124337 9 209087
D 297105 7 297341
D 160655 9 171764
I 191183 10 245953
D 202612 11 204270
D 182114 8 298012
I 156379 9 158680
I 120944 11 243597
D 227020 11 298767
I 159223 11 242357
D 265510 7 297810
I 266854 10 279082
I 175307 9 189545
I 149242 7 172403
D 261185 11 272116
D 231238 8 261667
D 196007 10 299148
I 236212 8 259261
D 112598 9 180535
I 227092 8 271164
I 269465 11 278817
D 230588 10 232016
D 173178 9 191102
I 248659 7 274634
I 263351 10 283645
D 111613 7 125469
I 127454 8 154566
I 285647 10 292377
D 198026 8 279291
D 176036 9 191302
D 112975 8 131075
I 177664 7 214619
D 197440 10 291927
D 227548 8 229991
D 248700 10 265765
I 124963 9 135994
D 142132 11 155873
I 291434 8 295747
D 277286 10 280723
I 286947 11 293997
D 121241 10 215720
I 291104 8 295402
I 156008 9 220600
I 299122 8 299893
I 240643 7 267517
I 230464 10 294699
I 239709 9 271149
I 120813 7 262282
D 181816 9 264186
I 198636 7 251338
I 170346 7 171879
D 112907 9 242973
I 132598 8 191506
D 299399 10 299753
D 187221 10 298205
D 161317 10 182922
I 247425 7 285722
I 297105 11 299721
D 290537 7 291951
D 153286 8 297885
I 212071 8 241441
D 289364 9 289914
I 171147 11 292557
D 281701 9 292396
D 289584 10 292094
I 107190 9 289603
D 245959 9 265085
D 180186 10 234888
D 113522 10 124295
D 266402 10 291073
I 137685 8 271442
D 273043 9 275113
D 159021 11 167668
I 262038 7 287660
I 202398 11 223965
I 224778 10 242248
I 298326 7 299449
D 122721 11 228197
I 229047 10 272802
I 267821 8 297226
D 291507 11 293395
D 251651 11 259248
D 212112 11 213861
D 148094 8 283251
D 188625 8 271284
I 229605 9 253121
I 196791 9 218461
I 286168 11 297262
I 257058 11 289627
I 149212 7 281380
D 260913 10 290433
I 128563 11 223412
D 224817 11 258436
I 157128 11 285370
I 153128 7 184989
I 168864 7 252881
D 178298 10 295795
D 255337 7 279299
I 198755 11 215864
D 198651 11 238023
I 119848 7 192775
I 140441 9 212129
D 106364 9 238871
I 143188 11 196976
I 158524 10 240098
D 140071 9 217339
I 267336 7 288690
D 166569 9 256856
D 259589 8 274300
I 156710 8 251515
I 106233 11 177830
D 137274 8 196312
I 295768 10 299648
D 274705 11 295387
I 183140 7 269248
D 270224 10 270462
I 133709 7 196778
I 287945 11 294414
I 240744 8 262652
D 104863 8 299037
D 234631 11 246839
D 162421 9 181927
I 262406 8 293648
I 299413 7 299424
D 139643 11 205921
I 188857 9 268838
D 258705 9 271487
I 170481 11 187523
I 247973 9 261197
D 296997 9 299265
D 245397 10 292599
D 133412 7 291381
D 295650 10 297032
I 112528 9 156891
D 111126 8 270524
D 146785 8 242669
I 290056 9 295496
D 281021 9 289975
D 207503 11 297504
D 108557 8 255551
I 187689 8 262736
I 180415 8 232970
D 212684 8 291182
D 216184 8 285822
I 190784 8 287047
D 167634 11 202204
I 275262 7 287827
D 156317 7 220064
I 191667 7 283745
D 293332 10 299835
I 260323 7 293916
I 218310 8 283233
I 176467 7 180763
I 211235 8 247054
I 267465 10 268250
I 254512 8 262782
I 208122 8 277047
D 253070 11 267790
I 261737 10 262408
I 184929 11 188232
D 187835 8 207446
D 208038 9 286777
I 102925 8 120342
D 105167 11 139942
I 227378 7 283157
I 203591 7 221770
D 242374 8 246210
D 197541 10 274472
I 185271 10 190681
D 101731 7 122814
I 110872 9 269595
I 269355 8 297644
I 173420 9 223491
I 204271 8 288927
D 196035 11 289639
D 153121 11 235790
D 156909 11 269279
I 156529 11 171193
I 224869 11 229212
D 173619 10 175350
D 256857 7 262722
I 156403 9 200325
I 242044 8 299905
I 108688 10 215441
I 242023 9 272017
I 195331 11 270894
D 245662 8 249241
I 150897 7 255881
D 244851 10 275598
I 284196 8 286332
I 158653 7 234570
I 194719 9 215321
D 195528 9 212730
D 110886 9 254090
D 198764 7 245461
D 236193 9 253645
I 156968 8 192842
I 112898 10 229061
D 190387 8 260738
D 118626 9 124604
I 235135 10 276304
I 136444 8 260178
I 289068 10 298072
D 241680 10 289668
I 194842 11 215673
D 257553 10 273661
D 197932 10 250466
I 237058 10 251327
D 124009 10 244885
D 272579 9 283669
I 222110 7 268343
I 235996 10 288483
D 275307 8 277006
D 169594 9 186031
I 176362 10 216449
D 207062 8 230787
I 168708 7 191634
D 212795 9 298117
D 133590 9 153482
I 147899 9 230390
D 114178 10 146687
I 210896 10 264676
I 127124 11 148915
I 145351 11 271036
D 203157 10 211693
D 202841 10 218111
I 168703 7 287457
I 151659 7 276867
I 185431 10 228680
D 296906 8 298566
I 298362 10 299040
I 110292 8 166159
I 121589 10 250561
I 293205 7 294113
D 292183 10 298618
I 165581 11 249177
D 170335 8 213677
I 256002 11 283057
I 295864 9 298645
D 231311 10 274449
D 235746 11 265025
D 125315 10 213125
I 231320 10 280731
D 165942 11 214134
D 165140 9 173464
I 124235 10 261176
D 117405 10 239295
I 149780 9 213300
D 275466 8 285284
D 122133 8 165380
D 177750 7 222839
D 180384 8 243625
D 156255 9 211977
D 118069 9 287589
I 291405 8 293830
I 296086 7 299725
D 280875 8 281173
D 129319 7 228940
I 282924 11 287909
D 296710 11 297422
I 193284 7 295214
D 203200 9 246048
I 244619 9 251019
D 111885 10 187075
D 209898 11 281618
I 215869 7 218435
D 217973 8 227419
D 196063 7 210890
D 207101 7 233817
I 258212 9 268308
D 162891 11 207334
D 263612 10 274895
I 275624 11 287774
D 136537 11 253712
D 288993 7 296173
D 267812 7 290506
D 114546 8 276667
I 117471 10 219985
D 164098 11 201307
D 234862 7 235839
I 277592 10 298217
D 293045 10 299663
D 210067 8 247790
D 120755 8 264404
D 296230 10 298330
D 220086 8 238914
D 186624 9 191657
D 193191 10 212747
D 146081 8 177333
I 240238 7 270130
I 215916 7 290921
I 120938 9 221198
D 149748 10 286616
D 243722 11 282457
I 284413 9 294933
D 247006 10 275140
D 163474 7 224410
D 234870 10 289422
D 232285 10 262296
I 137025 8 240725
D 204751 10 259508
I 216413 7 221534
D 143155 8 163811
I 165661 11 241434
D 187413 9 249964
D 219168 10 226619
I 107366 11 188371
D 256145 8 278113
I 219056 8 230988
I 174969 8 278892
D 180592 11 255140
I 289623 8 296909
I 184702 8 267173
I 274051 7 291127
I 285157 8 297221
D 129732 7 234756
I 153458 10 257501
D 211571 8 224473
I 196047 11 233207
I 126320 7 209276
I 155775 9 215513
D 246415 7 290151
D 211807 7 271425
I 240382 10 256119
D 210715 9 298618
I 145557 11 261649
D 204056 11 283027
D 102362 11 183055
D 241840 10 273195
D 257310 8 265942
D 255803 11 268634
D 225721 11 271051
D 142043 9 201863
I 255316 9 266727
I 172310 10 249203
D 129518 11 141396
D 267504 7 292365
I 222419 11 234045
D 111685 11 178882
I 240124 7 247652
I 251439 10 271002
I 118537 10 200689
D 294239 11 297166
I 210222 11 236514
D 232387 11 258147
D 132033 9 292456
I 283914 9 286739
I 229586 11 281538
D 233839 7 277179
I 229405 10 273188
D 154668 9 248611
D 162457 11 270761
D 249447 11 276806
I 275953 9 292304
I 137424 9 207732
I 177084 9 215862
I 133569 9 134871
I 229775 10 236001
I 113272 7 261153
I 267311 11 289425
D 149134 7 215878
D 167200 10 250658
I 190091 8 203905
D 272311 8 275629
I 125383 8 240261
D 117283 8 254802
I 203567 7 227764
I 186452 8 265287
D 285344 7 290105
I 210634 11 287076
I 115731 9 139645
D 285588 7 287156
D 110201 8 115540
D 139361 8 157227
I 216014 7 259969
I 157356 7 247585
D 263347 11 287737
D 247932 9 297996
I 105867 7 214898
I 149307 9 265587
D 272725 8 297619
I 203507 10 203629
D 235946 9 258440
D 141606 10 225567
D 130202 11 298985
D 258712 8 283943
I 236408 11 296345
I 237934 7 273669
D 197606 9 241411
I 245371 7 249575
D 248779 11 254474
I 212720 7 217559
D 287161 10 291480
I 254843 10 286635
D 121170 11 145211
D 233094 10 244446
D 253111 9 280989
D 218710 8 245346
