1250
I 204995 11 311043
I 369185 12 381801
I 292521 12 311150
I 210439 8 366558
I 388006 10 392867
I 320793 12 328464
I 166347 12 224715
D 391067 11 392371
D 319545 8 322804
D 163294 9 181496
D 102684 8 261403
D 355345 12 383413
D 185293 10 397581
I 224366 12 354137
D 380139 8 387173
D 279489 9 310754
I 246637 9 351308
I 210652 8 304084
I 215754 12 230296
I 127541 10 149295
D 201232 8 238727
D 199949 8 298577
I 263848 9 369780
I 201461 8 270037
D 137073 8 217346
I 257385 9 345401
D 233107 9 324265
D 377007 10 377441
D 166365 11 270396
I 345227 12 348956
I 255418 8 287792
I 387132 12 397480
D 311907 8 318815
I 134174 8 208742
I 242549 9 334556
I 150589 11 356773
D 296051 12 334604
D 111692 11 241172
I 190064 12 218963
D 306904 8 307612
I 104381 11 274754
D 261302 9 293751
I 399640 12 399994
D 110008 8 261217
I 375883 9 399591
D 252629 9 310821
D 345236 10 395621
I 142233 10 340467
I 316522 10 329297
D 114432 12 365157
I 161765 9 340575
I 355586 9 374389
D 344799 8 397586
D 397616 10 398927
I 345530 8 348418
D 391115 10 393304
I 201339 11 215821
D 360847 12 372296
D 109989 10 343196
I 149298 10 178551
D 167277 9 334056
D 296637 11 313667
I 129234 10 221429
I 234165 11 340877
D 179192 10 211769
I 220782 8 333271
I 178822 11 244606
I 206735 9 264356
D 338876 9 383066
I 152783 12 159992
I 167879 10 229483
I 335369 11 368342
D 287807 10 308146
I 117605 9 390941
I 292162 8 354633
D 205676 10 378652
I 299253 12 337897
I 144099 9 176897
D 337116 12 348108
I 258596 8 265673
I 194068 11 334971
I 307113 9 307357
I 115196 9 370412
D 229058 10 272122
D 206093 9 264812
I 206443 9 312313
I 322203 11 372105
I 236041 12 250492
I 248630 12 252298
D 295702 12 393975
D 276849 12 381766
D 377433 9 391382
I 107327 8 267721
D 177897 11 246198
I 348357 12 358773
I 125972 12 269242
D 111517 11 119400
D 111173 9 122346
D 189797 9 357447
I 198584 8 340423
D 137496 11 324887
D 385802 12 388544
D 327349 10 350363
D 294840 8 395304
D 311337 9 381805
D 152095 9 394897
I 187002 9 205269
D 159047 10 393952
I 239972 11 293897
D 368911 8 376836
D 355402 9 370437
I 261096 10 307103
D 301935 12 329058
D 363371 9 371839
I 354670 9 365845
D 114401 10 159909
D 368499 8 393471
I 323761 8 328877
I 128461 11 396482
I 100152 9 363542
D 308962 8 363241
D 390344 8 392012
I 192066 9 259687
I 204202 9 246164
I 258289 11 326412
D 275846 11 385584
D 162805 9 163804
I 329439 10 371431
D 254353 10 379236
D 231521 12 347382
I 221781 12 392095
I 289400 8 380892
D 260311 12 335608
D 340495 11 351743
D 314640 10 376944
I 181060 12 196910
I 370728 10 387119
I 160658 11 177935
D 144103 8 232596
D 179887 12 342629
I 134820 12 388773
I 125813 10 317852
I 223421 11 337190
D 318891 11 397119
D 267256 11 314318
I 365844 11 371944
D 125729 8 203959
I 121775 11 278983
D 226461 8 396483
I 397733 8 399480
I 172541 12 264609
D 224892 12 322571
I 230268 12 316764
I 213107 12 218818
I 294670 8 325700
D 274816 10 286531
I 117003 12 189731
D 314724 10 325749
D 364558 8 396200
D 211478 9 288469
D 375340 8 384150
D 207500 9 284440
I 251102 11 320235
D 358740 11 383206
I 350442 12 364501
I 161383 8 269060
D 377015 11 383920
I 258264 8 389678
I 143325 9 153684
D 152260 10 184718
D 103935 9 229095
D 389738 11 399409
I 135752 8 394631
D 314897 11 374245
D 387958 12 395854
D 301321 9 383179
D 112192 12 177434
I 333033 12 394016
I 122201 12 386822
D 231827 12 239065
I 194418 11 266632
I 192020 10 298417
D 126884 9 233178
D 283577 8 336075
I 296539 12 317086
D 254193 12 367783
I 258121 10 357337
D 218842 11 236513
I 168347 9 298714
D 174875 9 189176
D 368934 9 369221
D 248534 8 271328
I 210014 11 302118
D 281850 8 372545
D 357413 9 365637
I 338419 10 370024
I 253064 8 377894
I 398885 10 399721
I 153401 8 382152
D 341108 10 343545
D 215389 12 376418
D 266526 11 280908
D 268859 11 273362
D 285465 10 388126
I 292406 12 340445
D 391955 12 392194
I 255785 12 286334
D 287422 11 315191
D 362880 10 384753
I 227685 9 392167
D 341115 10 351523
I 177618 12 314319
I 370916 12 384264
D 284970 11 328838
D 201433 8 235364
I 190911 8 303364
I 345963 10 395495
I 398415 10 398496
D 172813 10 366967
I 241326 9 363030
D 130966 12 309990
I 256286 10 304889
I 360306 10 389318
I 171747 9 217944
I 107515 8 368918
D 114703 10 197539
D 323446 8 349588
D 331211 10 374890
I 215158 11 222277
I 209642 11 218599
D 101714 11 300425
D 312246 9 327602
D 154272 11 375772
I 201637 10 323576
D 276430 12 278648
D 184407 8 215870
I 242656 9 336826
D 196375 12 234056
D 102605 9 360953
I 155917 12 283347
D 231935 9 274815
D 257110 10 364571
D 310035 10 372601
D 254136 9 390718
D 201594 9 361088
I 297519 9 320710
D 115810 12 192605
I 257334 10 380917
I 298261 8 309603
D 379538 10 395292
D 173397 12 365167
D 140367 10 271883
I 384601 12 393291
I 314557 10 397047
D 319435 8 331819
D 348876 11 386026
I 184386 8 397059
D 256311 11 318619
D 343953 10 346425
D 137623 12 356884
I 122039 9 295906
I 183278 10 380452
I 226201 10 386982
I 386999 12 397154
I 200105 10 221870
I 122712 10 187289
D 180759 10 310370
I 143084 10 279003
I 130750 8 378113
D 259522 11 337936
I 100386 10 392428
I 149892 10 242564
D 281417 8 306655
D 364305 10 366637
I 159231 11 339143
I 335870 12 390773
D 234083 8 357326
I 129153 12 373536
D 254227 10 288718
D 234179 10 346090
I 172823 9 381516
I 198993 10 321581
D 101772 11 378997
D 235017 9 283992
D 397425 8 399181
I 388794 9 391931
I 132419 10 310247
I 166235 12 184401
D 125445 11 284092
D 292212 10 333700
D 171434 9 326200
D 365400 9 386959
D 324687 9 328023
I 333531 10 351507
I 186382 8 306093
D 284968 9 332845
D 237970 12 272085
I 180512 10 210718
I 198237 8 314757
D 383964 11 390037
D 353035 10 370480
D 123442 8 392415
D 153889 10 355948
I 285176 8 305431
I 159366 12 393887
D 173110 9 254173
I 304172 9 374455
I 386323 10 390175
D 154547 12 335179
D 321446 10 373323
I 156048 9 308415
I 332374 8 399547
I 316044 8 388785
I 315863 10 374489
D 389567 9 398524
D 110437 11 226669
I 125795 11 219095
D 237573 10 298265
I 208831 8 247075
I 373844 10 399917
I 255965 10 386868
I 343539 10 397745
D 334270 9 399795
D 274688 12 284757
I 157894 11 366009
I 370987 10 380914
D 124385 9 341678
I 367119 10 394545
D 352813 11 356010
D 365790 11 368944
I 398095 12 398588
I 186593 12 268873
I 376097 9 384804
D 176828 8 293387
D 100422 10 316128
D 350658 8 391852
D 236326 10 268986
D 160943 8 175921
D 145287 8 366206
I 130750 12 332117
I 159849 10 398052
D 167582 9 202223
D 179892 8 234981
D 358409 11 370629
I 101081 10 175416
I 320756 8 351491
D 130326 9 355211
D 299826 12 340778
D 241582 11 252471
I 120870 8 185712
I 209055 10 335364
I 176559 10 177845
I 150613 8 301859
I 321376 11 332823
I 236482 12 278398
I 178346 12 188579
D 240010 10 294628
D 185009 12 386796
D 201471 12 370273
D 290141 12 358037
I 310813 12 339859
D 391224 11 399580
D 384899 12 386130
I 378711 8 391260
I 227319 11 255585
I 273723 12 385380
D 118785 8 218181
D 271836 12 316472
I 214296 8 266318
I 340735 12 342051
I 158513 8 340354
I 292114 9 376669
D 249240 9 310468
D 175886 10 175962
I 385004 8 390320
D 105459 10 320889
I 191952 12 219089
I 116603 11 227829
I 243605 9 323586
I 129580 11 245704
I 377898 12 387629
I 263606 9 270196
I 262422 11 355225
I 115996 8 117845
D 325146 11 373713
I 108684 11 198703
D 121835 10 187673
D 277912 10 369157
D 327858 9 373961
I 298087 9 334114
D 288598 10 361811
I 179175 12 387346
D 323488 8 352300
I 145765 12 321838
I 343137 11 391968
I 253835 8 375328
D 149793 9 291278
I 341900 10 393466
I 202571 9 323952
I 174350 9 355934
D 163252 8 252405
I 233665 9 264809
D 377800 10 398326
I 191412 12 204605
I 159760 10 183549
D 187409 9 382030
D 186171 11 371001
D 316921 12 328866
D 224909 12 341149
D 337363 12 363103
I 374732 12 389102
D 237993 8 336761
I 228847 12 231370
I 137577 8 295482
D 112937 12 260682
D 306499 12 396438
I 190190 8 381950
D 133040 10 367726
I 227625 9 264443
I 363919 8 394209
D 234881 12 251055
D 129387 9 252247
D 339718 10 362554
D 182169 12 225035
I 138254 11 329736
I 176563 8 378129
D 328914 12 340289
D 299149 12 342955
D 320465 9 375300
I 201571 9 387577
I 241535 9 264610
I 265920 9 273853
I 330094 8 357101
D 132699 10 192956
I 148892 9 217013
D 238794 10 368968
I 276308 11 336455
D 240595 9 317519
I 144273 12 310199
I 349969 10 361960
D 144964 12 151165
D 220760 12 232645
D 322140 12 327629
D 211223 9 259244
D 258469 11 320986
I 234189 9 373043
I 309830 8 314803
I 253844 9 390619
D 378578 10 381023
D 230180 11 281200
D 194755 10 308599
D 179441 9 223458
I 212499 12 334063
I 213447 12 312524
D 145566 8 192023
I 379386 9 393214
D 284146 12 310234
D 370906 11 385990
D 142120 9 373343
D 249862 11 308071
I 149886 9 270307
D 138118 8 261655
I 248923 11 271293
I 327471 11 394714
I 347597 11 394806
D 293719 10 324932
D 121013 9 259730
I 141946 9 166371
I 303822 10 389229
I 161280 11 211556
I 212010 11 366044
D 185056 12 247671
D 342412 10 375047
D 162634 8 378414
I 264696 10 377689
I 356027 10 373154
D 274045 12 310119
D 328004 8 369476
D 334899 8 393255
D 182003 9 325213
D 327842 10 367064
D 307544 8 352763
D 112326 8 190979
D 174436 10 332717
I 241802 12 256173
I 108565 11 302705
I 216149 9 361213
D 310177 8 369813
D 380766 11 393270
I 110565 12 282075
I 272151 11 328350
I 352747 10 371545
I 218737 12 278515
D 247255 9 338032
D 379616 8 382443
I 349090 8 396725
D 180129 12 213036
D 162294 9 210464
I 200659 11 256546
D 161570 12 178979
I 276218 10 372700
D 281391 10 320070
D 352042 12 373946
I 134296 8 161709
I 143399 12 267308
I 398869 12 399615
I 152266 9 318417
I 290886 12 307098
I 170685 11 250326
D 258667 12 399317
D 329839 9 392854
I 133468 10 384918
D 224809 9 385933
D 253784 9 322912
I 290937 9 297282
D 215266 10 261433
I 268948 10 280900
D 224695 8 330439
D 362120 10 368794
I 382489 12 388769
D 265617 12 371404
D 344528 8 350440
D 325248 9 351633
D 229686 9 367581
D 223553 12 399574
I 107762 8 155919
I 285044 12 287663
I 202768 12 273544
D 141789 8 189780
I 201570 12 227911
I 224891 10 251673
D 192183 12 328552
D 120504 12 331444
I 274916 10 309580
I 136743 8 397908
I 387754 12 393168
D 255631 10 340866
I 378133 11 396596
D 288205 9 376518
D 209548 8 327208
D 241406 8 263631
I 294455 12 386407
I 241959 8 248706
I 332789 10 357441
D 178894 9 384473
I 365535 10 382538
D 234860 12 398401
D 220654 9 344895
D 215241 12 276233
D 150217 9 187038
D 340493 8 354054
D 227213 9 262496
D 193852 10 251606
D 170938 10 298627
D 215050 12 283853
I 287177 12 306969
I 348894 10 378723
D 190995 8 219069
I 394546 10 399040
I 361099 12 365011
D 314549 10 374381
I 128242 8 371923
D 370291 11 370412
D 326792 8 351095
D 365720 11 390739
I 294990 10 396530
I 203109 9 380546
I 303442 8 349339
D 295719 10 363833
D 116226 8 217592
D 273955 10 314071
D 344569 9 370355
D 121726 8 266440
D 205007 9 276330
D 296362 11 360589
D 168511 8 192106
D 212671 11 336731
I 147733 8 272499
D 124533 12 209026
D 252808 11 377869
D 330907 12 331797
I 361446 10 392834
I 172786 11 356190
I 170926 12 227896
I 102385 12 366426
D 228210 9 355268
D 326702 10 395972
I 133916 9 390091
I 231453 9 311729
I 396854 8 398807
I 342716 12 395014
I 314864 12 359076
I 266397 11 268900
D 294477 11 299422
I 243512 12 275779
D 146890 9 169699
I 124314 9 219140
D 354696 12 393476
D 352516 8 390688
D 262790 8 351734
I 188928 8 286160
I 105588 10 256173
D 309920 10 372547
I 249250 9 287276
D 362958 12 367311
D 224871 11 363302
D 260049 9 283420
I 238323 10 286450
I 216776 11 367604
I 177156 12 317989
D 388733 12 398164
I 280967 10 294153
I 159216 9 260149
I 276988 11 297059
I 344769 12 358943
D 308624 11 389282
I 200450 9 268431
D 212611 12 266475
D 398226 10 399967
I 199497 12 357881
D 150615 12 198785
D 326512 10 397104
I 124304 11 398641
I 373339 8 377755
D 178667 11 276100
D 160656 11 323222
I 363780 8 376875
D 341154 10 356130
I 193012 9 344111
D 264165 10 270377
I 287252 8 350331
I 179036 9 250320
I 305697 12 353951
I 151268 12 179956
D 258451 11 316746
I 179559 8 281255
D 322780 10 379109
D 363017 9 399626
I 241670 10 286885
I 158575 11 250867
D 240477 8 261718
D 156776 11 332229
D 159493 8 299778
D 363331 11 378278
D 236222 9 268101
I 212081 11 240571
D 170582 12 344624
I 176461 11 246583
D 387743 8 391914
D 196960 12 273639
D 284627 10 293132
I 388764 8 389823
D 383370 11 394564
D 182740 9 325179
D 175588 8 305530
D 227847 8 283671
D 145792 12 186584
D 277300 8 324163
D 325871 12 335275
I 278190 10 379772
I 379029 8 391288
D 294106 11 305178
D 110258 10 394637
D 306732 10 343517
D 370599 10 378833
I 243658 12 304646
I 289561 9 294545
D 111713 8 307144
D 310946 8 343253
D 320409 10 396786
D 318862 11 397933
I 191041 10 286348
I 237384 11 397936
I 234463 11 281985
I 262655 8 290609
I 110603 12 137395
D 218104 9 256539
D 178917 10 327889
D 364894 11 378391
D 133678 9 211300
I 209334 12 318705
D 184986 10 259356
D 339255 11 365847
D 145354 8 372904
D 385684 11 387797
D 205864 11 237041
D 129292 12 183559
D 333680 10 364266
D 339412 8 392000
D 130233 8 142400
D 345828 12 349133
I 351684 11 375446
I 110151 10 271970
D 220977 10 226500
I 280050 10 395686
D 286903 11 375285
I 198859 10 234858
I 377197 11 382911
I 299071 8 374880
I 306846 12 374272
I 379849 9 387447
D 299518 8 341960
D 374773 12 391219
I 161630 12 366680
D 174407 8 237732
D 320563 12 385024
I 354404 11 372564
I 249531 10 312085
D 308497 9 370355
I 368573 12 378358
D 207025 12 245860
D 198565 8 397905
I 227838 12 278546
I 384054 11 396731
I 259530 8 338438
I 342817 12 369792
I 274991 8 299911
I 374085 9 398644
I 305137 12 397573
D 355264 12 389841
I 308131 11 399493
D 240891 11 259100
D 288301 12 317094
D 180722 8 207030
I 106891 9 248970
D 136482 9 158204
D 101282 12 368853
I 138170 11 229340
I 314493 12 327760
D 140366 12 292967
D 345132 10 363540
I 301010 8 310214
I 397825 8 399767
D 167865 8 310631
D 179430 8 313131
D 187152 11 308306
D 231497 10 261512
D 388208 10 395077
I 376178 9 399625
D 314036 8 364103
D 167442 11 276766
D 168589 11 384806
I 140686 9 320595
I 376363 10 395153
I 205914 10 210898
I 187106 11 367338
D 395886 9 397522
I 138976 9 325972
I 165585 10 262384
D 348638 10 386312
I 164765 9 292872
I 184857 9 265503
I 286459 10 381897
I 102291 10 284248
I 284681 9 289706
I 354944 10 369798
D 209837 9 274315
I 274352 12 353833
I 352069 11 391172
D 320293 9 334813
I 377650 11 382398
D 271166 12 306142
D 247983 8 353143
I 196291 12 212286
I 312130 8 399434
I 121562 11 194768
D 272232 10 317086
I 103217 12 185634
I 184151 9 358572
I 264452 10 356292
I 308455 8 374478
I 208754 9 338893
I 157101 9 330143
D 200052 9 260366
I 201322 8 268027
I 186030 10 222058
D 178432 12 275518
I 217809 8 380391
D 388304 12 394884
D 248651 11 258675
D 178708 12 339953
D 192491 9 360878
D 193094 12 306367
D 369320 8 388534
D 131341 10 340107
D 306925 11 359748
I 360439 8 399946
I 125672 11 220832
D 116176 10 332640
I 319848 11 354337
D 120525 10 246686
D 206911 11 222108
I 284357 12 319948
D 293084 12 376110
D 208085 12 344544
I 179520 11 249149
D 313046 10 333737
D 267246 11 344623
D 124932 11 330818
I 372613 8 379655
D 357192 9 394145
I 357025 11 378212
D 153249 9 204864
I 181770 10 246066
I 132320 11 137980
D 316790 8 356108
D 243441 10 295666
I 251364 11 260083
D 289008 11 309511
I 140071 11 353755
I 175248 10 342360
D 334792 8 396856
I 196323 11 392597
D 169537 10 381856
I 262436 9 359538
D 192051 8 262727
D 240294 9 377019
D 364342 8 370756
D 334875 12 388821
D 169447 10 251092
I 270247 12 313239
D 373308 12 398083
D 332087 8 333776
I 367465 11 373147
D 303049 10 388683
D 351052 12 368470
I 251848 10 330428
D 230651 10 274120
I 224442 9 369094
D 385623 8 389060
D 196545 12 369717
D 104021 8 196256
D 316460 8 322065
I 336280 12 367921
I 315471 12 377988
D 378968 12 379789
D 386350 11 387170
D 170046 8 372028
D 140370 8 187502
D 355355 12 363719
I 208136 10 278040
I 194002 11 339287
D 221008 10 290489
I 153633 9 341840
D 143620 10 169378
I 290878 10 318296
D 132245 12 304998
D 164100 9 394356
I 278747 8 375307
D 292265 10 393062
D 166842 10 346543
I 369967 8 376904
D 346046 12 373421
I 204498 10 330508
D 140086 10 235663
D 203170 11 235407
I 101907 12 371227
D 248543 11 358349
I 249768 11 340952
I 123083 10 399540
D 267882 10 376472
I 204201 11 378603
D 151497 12 275397
D 297156 10 341588
I 304208 10 398426
I 153883 9 255827
I 357852 9 362004
I 244358 8 320971
D 259794 12 285181
I 298468 11 322068
D 129971 11 198337
I 249698 10 282981
D 288106 12 361641
I 296231 8 352382
I 243031 12 336778
D 245814 11 280008
I 342792 8 359331
I 232404 12 273961
I 276447 11 345873
D 378531 9 379523
D 307371 11 310105
I 316910 8 340209
I 363687 12 373912
D 272433 12 296302
D 291809 12 323866
D 243730 10 384720
I 271455 12 371157
D 284100 9 317067
I 176180 8 242155
D 383528 9 385787
I 206984 10 393373
I 114778 9 174226
D 243993 10 268720
D 388415 12 392851
I 377756 10 380060
I 124713 8 241325
I 349178 8 359396
D 351204 10 375018
D 100689 9 178931
I 383603 11 386224
I 286324 9 309193
I 328431 9 340535
D 351174 10 386579
D 381555 11 394548
I 235179 12 280006
I 194259 11 201952
D 130059 9 160729
I 109122 11 120296
I 295536 9 376797
I 353491 11 353916
I 101593 11 213150
I 301536 12 365910
D 172638 12 235837
D 190565 10 195634
D 108594 11 255808
I 165476 11 289638
I 221706 12 227237
D 354607 12 367084
I 135685 12 161357
I 348379 12 381260
D 338759 9 364527
I 130412 11 215414
I 245781 9 275465
I 175036 8 207191
D 359793 10 374583
D 177594 12 257244
I 204981 9 327222
D 323480 12 367440
I 229583 12 301932
I 168828 10 235381
D 239983 12 387432
D 318383 8 388357
D 355665 8 381142
I 355963 12 364728
D 297759 8 309584
D 393881 11 398277
I 264495 8 266279
D 248383 12 306947
I 141883 9 285152
D 243640 9 261791
D 173610 11 207104
I 205390 8 238065
I 155788 12 294948
D 399210 11 399919
D 270927 8 339019
D 301098 8 347463
D 278715 12 309070
D 272287 9 284502
I 288009 10 394345
D 379173 9 381221
I 270540 11 307058
I 230081 9 398501
I 275083 9 326124
D 394378 8 394933
I 150171 12 200830
I 194002 9 255455
I 374419 12 388817
I 385269 8 387129
I 322655 9 353246
I 230308 11 388676
D 118822 8 133574
D 219284 10 395596
I 293169 10 395577
I 286706 10 306749
I 323668 10 379108
I 319486 10 342993
I 328431 9 396492
I 388964 10 393461
D 309026 12 357479
D 295247 9 381710
I 264260 9 283516
I 170461 10 234156
I 236971 10 342695
I 177508 12 269988
D 192813 12 290156
I 274639 12 360554
I 129896 10 195637
D 144696 8 276785
D 281701 12 291431
I 368189 11 387768
D 336012 12 397864
I 347428 12 368508
D 232623 10 287741
I 195188 11 203679
D 252084 11 278602
I 311712 11 340756
D 339204 9 365824
I 137019 9 257709
I 308068 12 353427
D 371922 12 381189
D 125808 9 195814
I 273227 11 316553
D 394431 10 394747
I 241405 10 306746
I 208057 9 384867
D 378870 11 393662
D 156900 8 180155
D 335777 9 338429
D 129804 8 176852
D 210351 8 284512
D 337712 11 392483
I 311380 8 340071
D 227051 11 393415
I 149257 12 302494
D 279502 10 382465
I 305791 8 312775
D 335098 12 357109
D 294670 11 295593
D 163391 12 396690
I 161825 8 287770
D 355457 9 360169
I 317731 10 328554
I 194586 10 371458
D 122481 8 245680
I 143090 8 199888
D 341910 8 347707
I 236333 11 389698
D 194952 9 316333
D 203490 9 325831
I 226554 10 391580
D 250944 10 275127
I 390134 12 392467
I 105578 11 370864
D 234997 8 305482
I 392998 9 393318
I 363863 11 365522
D 353388 10 386601
D 356173 9 356400
D 187561 11 351942
D 337060 12 368156
I 352916 9 375719
I 378818 11 394171
I 191989 11 327612
D 322708 8 323158
I 303971 10 395771
D 396985 10 399491
D 247146 11 272343
I 391429 11 392795
I 156218 10 391938
D 244264 11 369950
D 189589 12 340856
I 355937 9 378348
D 386279 8 395207
D 201457 11 298613
D 140285 8 355772
D 182482 12 266516
I 287404 10 318519
D 336650 12 350181
I 212175 8 314254
D 214823 12 286208
D 377370 10 398101
I 105748 9 288390
D 290594 8 348976
I 294098 8 306662
D 185737 10 192963
D 244230 9 254871
D 263945 8 366270
D 323881 8 361550
I 119726 10 289045
D 168483 8 216515
D 231623 12 252294
D 379386 10 385359
I 231388 11 386718
I 229457 11 351866
D 203929 8 231393
D 140519 8 330675
I 249122 12 319842
D 133046 12 268544
D 110082 11 251245
I 336820 9 364553
I 262257 9 371648
I 281970 11 398194
I 112361 9 393141
D 357013 11 385687
D 282156 11 329293
I 197830 12 319165
I 260333 8 339220
I 184166 8 262142
D 379448 11 382258
I 132707 9 222848
D 136648 8 391601
I 282166 10 390727
I 175451 12 332255
I 220338 8 283101
I 376017 10 377247
I 357195 8 382182
I 368411 9 381863
I 329734 11 352296
D 379603 11 386361
D 375607 9 386635
I 254844 8 313147
I 282135 11 370974
D 116165 9 276850
D 133762 11 151213
D 117931 12 159262
D 201673 9 285354
D 105190 8 366406
I 325003 12 329660
D 215130 9 281573
I 252015 12 371498
D 172797 10 331006
I 145884 12 327314
D 209951 12 330649
D 202344 8 225642
D 112963 12 159645
I 239137 10 288018
I 117363 9 314466
I 283561 8 395682
I 135111 9 311895
D 253977 11 341544
I 306113 9 395028
I 306234 12 327487
D 202456 10 282824
I 111481 10 178714
D 247509 8 337031
D 263822 10 325725
I 253059 10 253587
I 127475 8 371249
D 397062 12 399141
D 184067 8 349030
I 189004 12 363044
I 327214 12 365652
I 237035 11 288079
I 188324 8 254605
D 297511 10 388779
D 386460 9 394833
I 211696 12 227819
D 185469 9 398732
D 363536 9 373755
I 203961 10 284723
I 289672 8 290486
I 323969 12 375062
I 109490 9 376227
D 378415 12 398227
D 261601 10 363458
D 300616 12 377454
I 103822 12 281675
I 366783 11 392228
I 205759 11 360402
D 151177 12 380162
I 119525 11 179676
I 242416 9 326232
D 346566 10 391860
I 319791 10 329116
D 220470 9 255292
I 393663 11 397208
D 259866 12 332411
D 196157 10 387980
I 374487 12 382152
D 299257 9 347625
I 338978 10 358182
I 273038 11 340246
I 363591 10 389173
I 358468 10 390699
D 184054 9 269508
D 258569 11 370239
D 170180 11 209562
D 374991 12 391722
D 130435 10 202864
D 157407 10 306191
I 100988 12 210071
D 399569 10 399879
D 276842 9 295812
I 102861 11 368603
D 146560 9 306458
I 322820 9 347255
D 294020 12 329183
D 181079 10 199567
D 101835 12 162029
D 230779 8 269246
I 128128 9 187605
I 136918 10 273454
I 397923 10 398993
D 387586 9 398237
D 116844 11 219260
I 350235 9 388433
D 301092 11 371154
D 250356 11 303230
I 141103 12 202869
I 252144 11 329224
D 362974 8 385936
D 159426 12 399054
D 366642 8 386002
I 162482 11 369729
D 115371 10 272475
D 121053 11 242203
I 362066 10 363521
I 316331 10 343700
I 303406 8 357217
I 370027 10 385399
D 393004 12 398186
I 244154 10 342459
D 293563 9 304751
D 128701 9 260530
I 188842 10 373391
I 391191 10 391656
D 362365 11 380288
I 278046 11 342767
D 389090 9 397734
D 375785 11 380593
I 100541 10 162500
I 102651 11 371469
D 313535 9 397891
D 356705 11 384739
D 374653 8 390617
I 324703 12 387389
D 115572 10 139407
I 187911 12 203382
I 390777 8 398472
D 352651 10 358486
D 100204 9 385575
D 396906 8 398856
D 375203 12 393988
I 350967 10 397287
I 112649 11 355919
I 109381 11 247279
D 242622 12 367395
I 302105 9 389620
I 240561 12 385873
I 201684 8 386540
I 268482 11 385126
D 266528 10 364566
I 219111 12 288488
I 122798 10 277853
I 335393 9 396596
D 238885 8 359367
D 272181 12 283243
D 320817 12 397697
D 286972 12 386711
I 117124 11 317927
D 307068 11 345517
I 280518 9 357442
I 234232 10 240081
I 253333 8 356924
I 103445 9 351250
I 169681 8 346118
I 192202 8 339091
D 112865 11 367837
I 178883 12 298327
I 164550 11 215151
D 199377 12 366622
D 229476 8 324380
I 135500 12 381417
I 306692 9 329407
D 374038 10 389713
I 299739 9 363404
I 251064 11 262134
D 252991 9 293871
D 392884 12 394879
I 106155 9 130156
