30 3
0 10 8 15 8 11 5 3 5 3 8 14 12 6 5 7 13 15 7 5 7 8 11 11 8 13 6 13 9 13
10 0 6 14 8 3 9 11 9 8 15 14 6 5 9 4 15 14 6 14 13 13 2 6 8 19 5 10 10 10
8 6 0 9 3 6 6 10 5 7 11 9 5 7 5 6 9 9 8 12 8 8 6 4 3 15 7 6 5 6
15 14 9 0 9 13 11 17 11 15 14 4 9 15 12 15 6 2 17 18 11 11 14 9 9 16 15 5 8 5
8 8 3 9 0 7 5 10 4 7 10 8 6 8 5 8 8 8 9 12 7 7 8 5 2 13 8 6 3 6
11 3 6 13 7 0 10 13 9 9 15 13 5 7 9 5 14 12 8 15 12 13 2 4 8 19 7 9 9 9
5 9 6 11 5 10 0 7 2 5 7 10 10 8 2 8 9 10 9 8 4 4 10 9 4 11 8 9 4 9
3 11 10 17 10 13 7 0 7 4 7 15 14 8 6 9 14 16 8 4 8 8 13 13 9 12 8 15 10 15
5 9 5 11 4 9 2 7 0 5 7 10 9 7 2 7 9 10 8 9 5 5 10 8 4 12 7 9 4 9
3 8 7 15 7 9 5 4 5 0 9 13 11 5 4 6 13 14 5 7 8 8 9 10 7 14 5 12 8 12
8 15 11 14 10 15 7 7 7 9 0 12 15 12 7 13 10 14 13 7 5 5 16 14 9 6 12 14 9 14
14 14 9 4 8 13 10 15 10 13 12 0 10 15 11 15 3 3 16 16 9 8 14 10 8 12 15 7 7 6
12 6 5 9 6 5 10 14 9 11 15 10 0 9 9 8 11 9 11 16 12 12 6 2 7 19 9 5 8 5
6 5 7 15 8 7 8 8 7 5 12 15 9 0 6 2 15 15 2 10 11 11 7 9 8 17 1 12 9 12
5 9 5 12 5 9 2 6 2 4 7 11 9 6 0 7 10 11 8 8 5 5 10 9 4 12 7 10 5 10
7 4 6 15 8 5 8 9 7 6 13 15 8 2 7 0 15 14 3 11 11 11 5 8 8 18 2 11 9 11
13 15 9 6 8 14 9 14 9 13 10 3 11 15 10 15 0 5 16 15 7 7 15 11 8 11 15 8 6 7
15 14 9 2 8 12 10 16 10 14 14 3 9 15 11 14 5 0 16 18 10 10 13 9 8 15 15 5 7 5
7 6 8 17 9 8 9 8 8 5 13 16 11 2 8 3 16 16 0 10 12 12 7 10 9 18 2 13 11 14
5 14 12 18 12 15 8 4 9 7 7 16 16 10 8 11 15 18 10 0 9 9 15 15 11 11 10 17 12 17
7 13 8 11 7 12 4 8 5 8 5 9 12 11 5 11 7 10 12 9 0 1 13 11 6 8 11 10 5 10
8 13 8 11 7 13 4 8 5 8 5 8 12 11 5 11 7 10 12 9 1 0 13 11 6 8 11 10 5 10
11 2 6 14 8 2 10 13 10 9 16 14 6 7 10 5 15 13 7 15 13 13 0 5 9 20 6 10 10 10
11 6 4 9 5 4 9 13 8 10 14 10 2 9 9 8 11 9 10 15 11 11 5 0 6 18 9 5 7 6
8 8 3 9 2 8 4 9 4 7 9 8 7 8 4 8 8 8 9 11 6 6 9 6 0 13 8 6 2 7
13 19 15 16 13 19 11 12 12 14 6 12 19 17 12 18 11 15 18 11 8 8 20 18 13 0 17 16 12 16
6 5 7 15 8 7 8 8 7 5 12 15 9 1 7 2 15 15 2 10 11 11 6 9 8 17 0 12 9 12
13 10 6 5 6 9 9 15 9 12 14 7 5 12 10 11 8 5 13 17 10 10 10 5 6 16 12 0 6 1
9 10 5 8 3 9 4 10 4 8 9 7 8 9 5 9 6 7 11 12 5 5 10 7 2 12 9 6 0 6
13 10 6 5 6 9 9 15 9 12 14 6 5 12 10 11 7 5 14 17 10 10 10 6 7 16 12 1 6 0
350
1 5 8 18 21 32 38 41 46 49 59 63 71 76 82 89 96 108 112 115 120 123 127 130 134 137 140 148 152 156 159 162 168 175 182 189 197 200 206 209 216 219 222 232 235 238 242 245 248 253 260 264 271 281 286 289 301 306 310 315 320 324 327 336 341 357 364 369 375 381 384 392 396 401 404 415 419 423 429 432 435 438 441 449 452 457 461 464 468 471 479 490 493 497 501 507 510 513 516 520 523 528 546 552 559 563 570 577 581 584 591 595 598 603 610 614 617 620 626 630 637 645 652 658 663 668 678 683 686 689 693 698 702 707 713 719 729 732 735 744 748 751 764 775 779 786 800 817 820 825 830 839 842 848 851 860 863 868 887 893 896 900 903 910 913 922 925 932 935 942 947 952 957 967 974 980 983 989 992 998 1001 1010 1013 1019 1023 1028 1031 1035 1045 1051 1057 1061 1067 1071 1075 1080 1084 1091 1094 1100 1104 1109 1114 1121 1124 1127 1130 1138 1142 1151 1157 1160 1163 1166 1169 1173 1186 1189 1199 1203 1210 1214 1218 1222 1232 1243 1248 1251 1261 1264 1271 1275 1278 1285 1293 1298 1308 1317 1323 1326 1332 1335 1350 1360 1367 1376 1380 1391 1395 1400 1405 1409 1414 1419 1424 1430 1434 1437 1445 1451 1456 1460 1468 1472 1476 1480 1491 1495 1501 1506 1510 1516 1520 1523 1533 1538 1546 1551 1554 1561 1566 1570 1576 1587 1595 1600 1605 1613 1620 1630 1635 1646 1649 1657 1669 1672 1680 1683 1691 1695 1707 1719 1727 1730 1737 1741 1750 1758 1761 1769 1772 1776 1784 1789 1794 1799 1804 1808 1812 1823 1835 1841 1845 1850 1854 1863 1866 1877 1881 1886 1894 1901 1905 1913 1917 1920 1928 1936 1939 1943 1948 1951 1955 1968 1974 1978 1982 1991 1996 1999
179
2 8 16 24 41 83 96 132 135 139 153 164 170 182 186 193 217 224 233 244 250 266 272 288 301 304 317 322 339 361 385 395 407 415 470 478 485 489 500 508 516 525 531 538 544 564 570 573 582 594 598 630 633 646 661 673 682 694 702 737 744 756 765 774 784 810 813 817 834 843 856 880 890 896 900 903 919 938 946 952 974 980 986 992 1000 1004 1009 1014 1017 1032 1037 1045 1050 1065 1068 1086 1089 1098 1124 1143 1174 1179 1186 1215 1224 1230 1247 1250 1263 1266 1279 1299 1303 1311 1314 1321 1342 1364 1367 1377 1393 1404 1421 1429 1433 1445 1458 1463 1472 1494 1504 1512 1527 1536 1547 1557 1562 1567 1570 1583 1589 1594 1601 1604 1643 1653 1667 1678 1684 1692 1695 1704 1708 1714 1727 1731 1737 1754 1767 1774 1794 1821 1833 1842 1858 1868 1886 1895 1899 1905 1916 1924 1930 1944 1966 1974 1986 1989 1997
274
8 14 24 33 36 39 49 52 56 66 69 74 83 92 108 112 123 128 133 166 172 176 180 183 189 192 198 206 217 225 231 242 249 256 272 284 289 296 301 304 313 316 320 329 333 341 347 352 355 363 379 385 391 395 399 403 410 416 419 427 431 434 443 450 453 485 488 506 515 519 523 528 532 535 556 559 564 568 579 582 587 590 599 611 629 637 645 657 671 675 688 696 709 714 724 748 756 760 765 778 781 793 799 803 806 809 812 820 823 826 832 843 849 854 858 865 882 886 891 898 908 911 920 923 939 944 949 953 959 966 981 989 994 1003 1010 1013 1018 1023 1029 1034 1039 1042 1045 1050 1053 1062 1079 1088 1096 1099 1102 1105 1112 1116 1125 1133 1137 1151 1155 1163 1167 1172 1176 1181 1188 1194 1198 1206 1210 1216 1229 1241 1251 1256 1260 1266 1269 1276 1283 1287 1290 1293 1300 1324 1327 1335 1340 1345 1350 1354 1357 1367 1372 1377 1381 1386 1391 1398 1402 1410 1421 1424 1430 1434 1437 1444 1461 1478 1485 1489 1493 1501 1515 1525 1548 1554 1557 1562 1571 1576 1588 1595 1598 1606 1612 1615 1640 1650 1656 1661 1664 1670 1679 1694 1710 1714 1717 1727 1740 1744 1750 1753 1766 1773 1777 1781 1790 1793 1799 1804 1811 1819 1831 1834 1841 1848 1882 1900 1903 1906 1910 1913 1937 1944 1947 1952 1955 1963 1967 1976 1979 1982 1990 1997
337
3 9 12 21 24 28 35 54 64 67 71 74 79 85 92 96 100 103 107 111 119 124 127 134 144 154 161 167 171 174 177 185 194 197 205 208 211 218 226 238 243 249 252 258 266 269 273 278 295 301 305 308 311 317 322 329 347 355 359 364 370 373 382 385 390 406 412 417 423 427 432 436 442 448 452 455 459 468 471 477 480 484 487 494 497 501 505 515 522 525 530 535 546 551 555 563 569 575 585 593 600 607 611 616 619 622 629 641 653 657 661 668 671 681 685 690 694 697 704 708 713 716 726 731 736 739 742 748 762 765 771 780 785 789 798 806 810 820 829 832 835 838 842 847 857 864 872 876 880 885 888 891 894 903 909 912 920 924 929 936 941 946 951 954 960 968 977 981 986 990 995 998 1003 1008 1019 1030 1033 1036 1046 1053 1056 1059 1063 1072 1075 1078 1081 1089 1094 1098 1104 1109 1112 1120 1123 1126 1134 1141 1158 1161 1164 1167 1170 1174 1180 1183 1186 1192 1197 1201 1204 1209 1215 1221 1224 1228 1231 1238 1241 1247 1252 1255 1264 1272 1280 1287 1294 1300 1304 1307 1311 1319 1327 1334 1342 1346 1355 1362 1365 1370 1377 1386 1391 1395 1398 1404 1408 1412 1416 1430 1435 1447 1450 1456 1460 1465 1470 1482 1486 1489 1500 1503 1520 1524 1530 1538 1544 1550 1569 1574 1582 1585 1607 1618 1621 1628 1631 1634 1639 1647 1659 1663 1666 1669 1672 1677 1680 1685 1689 1692 1695 1709 1713 1721 1728 1737 1747 1750 1759 1771 1775 1783 1798 1801 1808 1812 1815 1818 1824 1828 1846 1851 1854 1863 1866 1874 1878 1884 1891 1898 1912 1917 1920 1923 1929 1933 1944 1949 1956 1966 1969 1972 1977 1980 1988 1993 1997
231
4 9 18 21 33 43 48 57 69 73 86 89 102 111 131 152 165 170 176 187 194 213 218 224 229 248 267 279 284 302 311 319 326 334 341 349 353 370 378 397 403 414 428 438 448 460 464 467 492 495 498 505 512 521 534 538 554 559 562 568 575 588 594 597 601 609 623 629 633 644 654 658 668 673 687 696 712 729 733 736 754 759 766 769 785 791 804 807 815 820 828 833 836 854 859 862 868 871 875 881 884 889 895 901 916 922 926 934 942 952 967 979 1003 1016 1019 1024 1034 1037 1043 1050 1083 1087 1097 1104 1110 1115 1122 1130 1142 1145 1151 1159 1166 1172 1180 1194 1205 1209 1212 1228 1237 1241 1251 1256 1271 1285 1296 1326 1331 1334 1337 1343 1362 1369 1379 1389 1392 1403 1406 1411 1416 1422 1425 1441 1467 1470 1473 1492 1510 1515 1518 1521 1535 1541 1551 1566 1570 1575 1580 1583 1587 1592 1603 1623 1643 1646 1654 1677 1687 1697 1700 1704 1715 1722 1725 1730 1736 1740 1745 1751 1755 1766 1780 1796 1805 1809 1816 1819 1827 1851 1854 1862 1871 1875 1879 1890 1906 1914 1920 1926 1931 1936 1939 1947 1955 1962 1968 1971 1976 1987 1993
353
2 6 12 19 24 27 32 35 38 47 54 63 67 72 78 87 90 99 102 107 111 117 124 128 132 144 147 154 161 166 172 182 195 198 201 208 213 220 229 232 236 239 244 249 255 261 269 272 275 283 286 294 299 302 307 310 326 332 335 338 341 345 350 354 358 364 367 370 374 381 385 395 406 417 421 430 448 454 458 462 466 470 483 489 492 498 501 509 513 517 534 537 540 546 550 554 557 560 565 571 574 577 584 588 591 596 602 615 618 627 634 638 641 645 652 655 660 667 670 681 686 690 698 702 706 714 720 725 729 733 737 741 749 753 762 766 772 779 784 789 793 800 806 809 832 836 841 844 860 863 866 873 879 882 889 898 903 907 910 913 919 928 933 944 947 950 956 965 970 981 989 997 1003 1014 1019 1025 1028 1031 1037 1057 1061 1066 1075 1090 1095 1104 1110 1120 1127 1133 1136 1142 1148 1153 1156 1161 1165 1169 1174 1179 1182 1190 1193 1198 1203 1208 1215 1220 1223 1227 1230 1233 1236 1243 1247 1252 1265 1269 1273 1277 1285 1288 1292 1295 1298 1302 1307 1314 1319 1324 1339 1345 1349 1352 1358 1362 1370 1375 1378 1382 1391 1395 1401 1405 1408 1411 1415 1421 1426 1429 1438 1441 1444 1450 1459 1466 1469 1485 1492 1497 1503 1507 1516 1525 1532 1538 1544 1550 1555 1559 1568 1572 1576 1581 1588 1592 1598 1601 1604 1609 1621 1625 1632 1635 1639 1643 1646 1652 1658 1666 1670 1679 1687 1694 1698 1705 1713 1719 1723 1727 1731 1734 1738 1741 1747 1750 1755 1758 1761 1766 1769 1777 1787 1799 1802 1805 1809 1813 1816 1820 1824 1828 1831 1836 1852 1862 1866 1869 1873 1878 1881 1885 1891 1897 1903 1909 1913 1919 1923 1927 1944 1947 1953 1958 1961 1966 1971 1980 1985 1988 1993 1997 2000
255
17 26 29 35 38 47 50 53 69 74 78 87 92 104 112 124 142 148 161 167 176 179 203 208 216 235 250 258 261 268 279 293 299 308 326 341 344 348 366 370 373 383 391 394 400 403 408 411 420 424 428 438 459 462 468 474 479 482 488 494 503 506 511 516 523 529 535 543 556 559 566 576 589 592 603 606 614 627 639 644 656 661 672 680 691 697 714 723 737 742 765 768 772 776 780 803 809 815 820 829 840 846 852 856 866 870 880 884 889 901 916 924 935 940 970 975 978 985 994 997 1010 1019 1022 1032 1039 1048 1051 1062 1067 1073 1084 1093 1111 1116 1125 1128 1135 1151 1156 1161 1164 1172 1180 1185 1195 1200 1206 1210 1214 1227 1231 1237 1243 1248 1256 1262 1268 1274 1279 1282 1286 1289 1293 1298 1302 1310 1322 1328 1331 1338 1341 1346 1353 1358 1363 1367 1375 1382 1391 1396 1402 1419 1426 1438 1446 1451 1456 1459 1482 1494 1502 1508 1511 1521 1537 1544 1553 1557 1561 1566 1570 1573 1577 1587 1592 1596 1606 1616 1646 1663 1677 1680 1689 1693 1704 1708 1714 1723 1730 1733 1742 1748 1754 1766 1770 1778 1785 1800 1805 1815 1819 1828 1831 1834 1847 1854 1858 1866 1886 1891 1899 1902 1905 1909 1923 1926 1959 1963 1970 1973 1976 1987 1990 1993 1997
174
7 33 38 48 58 61 75 87 100 108 112 131 150 163 177 186 203 214 227 230 233 236 251 261 277 311 322 327 348 357 361 370 377 384 387 400 406 413 422 433 437 447 450 471 475 479 491 517 523 534 550 570 606 609 627 631 637 650 659 664 671 683 686 707 732 738 745 764 777 801 812 846 849 857 864 870 882 887 911 934 947 957 979 987 993 996 1003 1017 1021 1026 1057 1070 1075 1081 1089 1101 1104 1109 1112 1123 1151 1160 1175 1183 1194 1213 1221 1225 1234 1276 1285 1306 1326 1336 1341 1346 1355 1363 1370 1373 1376 1394 1404 1411 1437 1446 1450 1453 1458 1468 1497 1506 1519 1527 1535 1540 1545 1562 1596 1602 1611 1621 1636 1642 1647 1667 1679 1693 1702 1711 1716 1722 1727 1730 1740 1743 1760 1777 1784 1789 1796 1800 1805 1830 1854 1857 1862 1893 1902 1925 1932 1936 1973 1984
253
5 10 16 22 25 28 31 41 47 58 63 66 69 72 76 81 91 105 115 119 126 132 141 144 150 153 161 173 189 202 213 217 221 226 235 245 257 263 274 278 281 287 291 310 323 328 333 337 350 365 374 385 392 409 417 421 427 434 442 448 451 455 466 470 481 485 488 491 509 517 520 525 538 542 560 566 571 579 584 587 594 608 611 626 640 648 652 665 671 676 683 687 700 712 718 725 731 737 743 750 756 772 783 796 800 807 826 831 834 838 842 854 857 862 865 873 879 884 888 891 903 910 917 922 935 939 943 949 957 967 974 993 999 1029 1040 1046 1064 1070 1075 1080 1083 1088 1092 1096 1099 1102 1114 1118 1127 1134 1139 1151 1155 1164 1180 1185 1191 1199 1204 1212 1224 1239 1247 1255 1258 1263 1266 1289 1294 1297 1302 1315 1320 1326 1331 1341 1353 1363 1367 1377 1380 1385 1390 1398 1401 1405 1411 1423 1429 1443 1448 1451 1459 1466 1471 1478 1493 1500 1508 1526 1529 1535 1549 1558 1574 1590 1593 1598 1620 1627 1633 1637 1642 1645 1655 1658 1664 1673 1677 1688 1694 1697 1702 1709 1712 1716 1720 1723 1731 1749 1761 1777 1785 1791 1795 1798 1810 1814 1839 1849 1869 1879 1885 1890 1911 1916 1945 1958 1967 1983 1989 1994 2000
288
6 16 21 25 34 37 44 72 76 79 87 95 98 103 112 119 135 139 145 148 155 159 166 174 178 183 195 202 207 213 219 229 239 246 260 287 291 301 304 308 329 339 342 347 352 360 364 371 374 385 391 399 404 411 418 423 433 436 452 462 482 488 492 500 503 508 513 520 526 534 545 557 561 568 571 574 578 588 601 604 607 610 614 621 630 636 646 653 660 668 673 676 688 695 702 711 719 726 731 734 746 751 757 762 771 780 783 790 797 801 806 812 819 822 829 835 841 845 852 864 867 870 901 908 912 925 935 939 947 950 954 962 966 972 975 985 998 1001 1005 1011 1014 1023 1028 1041 1052 1056 1060 1068 1071 1081 1094 1101 1105 1111 1116 1122 1131 1138 1148 1153 1156 1161 1169 1173 1192 1195 1202 1205 1208 1214 1234 1238 1241 1245 1249 1258 1261 1270 1276 1290 1295 1301 1308 1319 1322 1329 1332 1339 1345 1350 1353 1362 1369 1374 1381 1386 1396 1399 1407 1411 1414 1420 1425 1434 1449 1454 1466 1477 1487 1495 1499 1512 1517 1523 1529 1532 1536 1543 1547 1552 1556 1559 1569 1575 1583 1597 1602 1606 1609 1619 1637 1644 1656 1662 1665 1673 1677 1684 1690 1694 1703 1706 1709 1728 1738 1750 1753 1760 1763 1767 1773 1779 1786 1789 1801 1819 1823 1834 1842 1849 1854 1859 1866 1869 1873 1879 1886 1890 1899 1910 1915 1918 1922 1925 1928 1931 1934 1940 1943 1947 1959 1963 1966 1974 1980 1987 1990 1999
324
1 5 8 13 16 22 25 30 37 43 49 58 68 71 79 88 91 108 111 122 127 131 135 139 142 145 161 165 173 176 179 196 199 202 208 211 216 220 223 228 234 245 260 267 270 273 276 279 282 287 291 294 301 311 316 324 332 340 344 347 350 355 360 363 366 370 379 384 398 405 408 411 425 430 434 437 440 446 454 458 469 472 476 480 489 492 497 504 507 517 522 525 531 537 540 543 549 555 560 569 573 580 586 592 598 602 609 615 618 622 636 644 647 651 655 662 667 679 692 695 698 701 707 713 727 734 741 748 771 774 777 781 785 790 794 799 802 810 817 827 830 833 838 842 847 851 863 869 872 885 889 894 898 901 904 909 915 926 932 935 942 946 951 958 975 978 983 993 996 999 1011 1021 1031 1034 1039 1045 1050 1068 1087 1090 1094 1102 1105 1109 1115 1128 1131 1136 1143 1146 1152 1160 1167 1174 1180 1185 1212 1221 1226 1237 1248 1253 1257 1260 1267 1272 1287 1294 1299 1311 1322 1327 1336 1339 1343 1346 1361 1365 1368 1371 1377 1380 1383 1387 1395 1404 1415 1423 1427 1436 1441 1445 1450 1456 1482 1485 1493 1497 1503 1506 1509 1513 1517 1522 1525 1529 1540 1544 1547 1551 1560 1568 1573 1576 1584 1589 1592 1599 1607 1614 1619 1623 1626 1630 1639 1649 1655 1660 1668 1672 1681 1685 1694 1703 1708 1711 1719 1727 1732 1735 1749 1757 1764 1768 1774 1784 1792 1799 1804 1808 1811 1815 1821 1827 1832 1837 1840 1843 1847 1852 1855 1861 1867 1877 1886 1889 1893 1897 1901 1904 1907 1911 1925 1929 1933 1947 1951 1961 1965 1968 1973 1986 1992 1999
206
11 15 20 25 37 41 48 56 59 70 82 85 102 128 136 142 145 148 152 157 181 185 197 200 203 210 226 249 277 290 294 305 316 324 342 371 376 391 398 408 421 433 437 442 451 485 500 503 510 517 521 532 538 542 549 556 562 577 580 587 597 600 604 609 619 628 639 646 653 677 686 692 698 702 705 752 767 788 799 803 812 817 820 837 840 844 848 852 857 868 884 889 897 903 911 943 963 968 975 981 988 994 1002 1005 1015 1039 1046 1050 1053 1065 1071 1086 1089 1093 1104 1122 1139 1146 1158 1161 1164 1174 1182 1193 1197 1239 1253 1267 1279 1282 1293 1300 1304 1308 1312 1318 1321 1345 1348 1371 1374 1392 1398 1406 1411 1414 1427 1432 1435 1442 1445 1448 1481 1488 1492 1502 1515 1520 1526 1533 1549 1559 1568 1576 1581 1600 1606 1611 1619 1631 1634 1647 1654 1657 1663 1681 1687 1690 1703 1712 1715 1728 1731 1737 1743 1763 1773 1798 1828 1841 1848 1852 1865 1871 1886 1893 1897 1904 1907 1912 1933 1939 1962 1967 1988 1994
398
1 4 7 11 15 18 24 27 39 47 51 56 59 62 68 74 79 83 86 89 92 96 100 105 120 123 128 132 135 138 143 149 152 155 160 163 166 170 173 179 186 190 193 198 203 207 210 215 218 223 235 238 241 247 257 260 264 272 276 279 283 290 293 296 304 307 311 324 327 331 335 344 347 350 353 356 361 364 368 372 375 380 387 391 396 399 413 419 422 425 430 439 444 447 454 465 469 472 476 482 486 490 493 498 509 513 519 529 532 537 540 548 553 558 565 569 572 576 581 590 595 598 602 605 610 615 618 623 627 639 643 651 656 659 662 665 671 676 686 690 693 696 705 709 716 722 726 729 734 741 745 749 757 763 766 769 777 782 787 791 795 798 802 807 810 818 823 828 832 836 843 847 854 857 861 869 875 882 890 893 899 911 915 921 924 928 932 935 938 949 952 958 961 965 969 975 979 983 987 991 995 1002 1014 1023 1028 1032 1035 1045 1048 1055 1060 1063 1071 1075 1078 1081 1089 1092 1103 1107 1110 1115 1118 1121 1124 1130 1134 1139 1142 1146 1153 1157 1162 1165 1170 1173 1183 1187 1190 1195 1199 1208 1214 1219 1222 1225 1229 1237 1240 1243 1247 1254 1260 1265 1268 1271 1275 1288 1291 1294 1297 1300 1307 1310 1316 1320 1330 1334 1337 1344 1347 1350 1353 1357 1361 1364 1367 1370 1373 1377 1381 1392 1395 1399 1405 1408 1418 1424 1428 1441 1447 1453 1456 1459 1463 1469 1475 1480 1486 1491 1496 1500 1506 1509 1513 1518 1522 1528 1532 1536 1541 1545 1553 1557 1560 1563 1567 1570 1574 1577 1588 1595 1600 1604 1610 1615 1619 1624 1632 1635 1641 1649 1654 1659 1666 1676 1682 1688 1698 1701 1706 1712 1716 1721 1724 1730 1740 1746 1750 1755 1759 1763 1770 1774 1778 1781 1787 1797 1802 1811 1815 1833 1838 1844 1847 1850 1854 1858 1861 1864 1870 1874 1877 1880 1883 1887 1892 1898 1903 1911 1917 1920 1927 1932 1936 1939 1952 1956 1960 1965 1968 1971 1975 1978 1982 1990 1996 2000
363
1 4 8 12 21 36 39 44 47 57 61 64 71 88 91 102 106 110 115 120 131 137 144 150 153 160 165 176 179 182 188 195 199 202 212 220 225 232 235 240 246 251 256 259 275 278 281 284 289 292 300 313 320 328 331 335 342 353 359 362 365 368 371 377 380 385 389 400 408 413 417 420 427 436 450 457 460 463 480 485 490 493 507 510 515 521 527 533 537 545 554 557 563 567 571 579 583 589 592 595 600 603 607 620 628 631 634 638 641 645 651 656 660 663 667 672 680 685 689 692 695 701 711 722 726 733 739 743 747 752 760 765 768 771 774 778 784 790 796 805 808 815 822 828 836 839 845 849 854 857 860 865 869 873 877 888 897 900 905 910 915 918 921 927 930 938 941 944 956 962 970 974 978 983 986 990 996 999 1004 1010 1015 1020 1023 1027 1030 1034 1037 1041 1044 1048 1054 1057 1065 1070 1078 1083 1087 1090 1095 1098 1102 1112 1117 1121 1124 1127 1131 1136 1141 1146 1150 1153 1158 1164 1170 1175 1180 1190 1193 1201 1204 1210 1217 1222 1226 1231 1234 1238 1245 1251 1257 1263 1267 1280 1283 1288 1291 1296 1300 1306 1310 1314 1317 1320 1330 1333 1339 1344 1347 1352 1356 1360 1363 1368 1374 1377 1380 1384 1387 1391 1399 1402 1408 1415 1418 1423 1426 1430 1435 1445 1450 1454 1457 1462 1468 1477 1483 1495 1498 1508 1512 1519 1525 1531 1538 1541 1548 1551 1557 1567 1572 1586 1591 1602 1608 1619 1626 1631 1635 1640 1645 1648 1653 1657 1663 1669 1674 1681 1684 1691 1695 1704 1707 1714 1722 1727 1731 1734 1738 1742 1753 1759 1762 1768 1776 1779 1783 1789 1799 1803 1807 1812 1816 1820 1823 1831 1834 1841 1854 1859 1865 1876 1881 1886 1895 1909 1913 1916 1922 1927 1931 1936 1941 1946 1952 1966 1972 1977 1982 1986 1990 1995 1998
209
5 10 23 33 42 45 60 66 78 84 88 98 104 128 137 142 148 153 158 166 172 177 184 187 209 225 232 244 266 278 282 285 307 314 321 338 348 351 370 376 379 388 402 405 410 421 427 430 433 440 452 462 471 483 495 517 529 534 538 549 552 558 561 582 586 598 602 624 629 639 673 677 685 693 698 701 714 719 723 726 746 754 766 774 788 798 803 813 816 820 835 843 854 868 875 885 893 896 905 924 945 967 970 981 985 997 1005 1015 1019 1024 1029 1038 1042 1051 1054 1060 1064 1067 1072 1077 1088 1101 1105 1127 1130 1138 1144 1147 1150 1161 1169 1193 1217 1236 1241 1244 1248 1261 1268 1273 1276 1289 1299 1305 1313 1325 1338 1352 1357 1361 1386 1389 1395 1400 1420 1449 1454 1473 1489 1517 1536 1542 1545 1549 1554 1557 1562 1565 1575 1579 1588 1607 1621 1629 1670 1673 1693 1698 1703 1716 1722 1727 1733 1736 1746 1779 1789 1793 1798 1818 1823 1829 1834 1837 1852 1862 1870 1875 1882 1885 1894 1918 1927 1930 1941 1946 1977 1980 1988
183
3 10 26 33 39 42 51 61 70 76 83 92 95 116 129 133 138 152 169 175 179 189 199 210 228 233 239 242 248 252 257 265 303 311 317 325 333 356 375 378 391 395 407 412 420 426 429 434 443 449 452 455 479 489 500 521 537 551 578 581 584 588 625 650 659 669 681 692 702 712 752 768 774 777 793 799 806 814 841 847 857 860 864 903 928 937 943 954 989 993 997 1001 1017 1021 1027 1031 1036 1056 1067 1077 1089 1095 1099 1113 1125 1134 1146 1160 1165 1172 1181 1199 1206 1215 1224 1228 1236 1256 1265 1270 1283 1306 1310 1316 1321 1329 1335 1340 1347 1359 1365 1381 1405 1411 1446 1455 1467 1479 1490 1500 1505 1508 1517 1541 1544 1550 1557 1568 1592 1601 1606 1616 1623 1626 1641 1644 1655 1671 1690 1697 1708 1720 1731 1745 1748 1770 1776 1782 1786 1828 1859 1863 1871 1876 1885 1893 1898 1922 1934 1942 1967 1970 1979
348
2 6 16 23 27 31 40 43 47 53 58 65 73 78 84 88 96 102 105 111 119 126 129 137 141 146 150 157 168 171 175 178 186 191 199 202 215 218 221 227 233 242 250 254 261 264 270 275 278 287 294 298 303 308 311 316 326 333 340 349 353 361 366 369 375 382 385 391 397 401 411 415 418 431 437 440 443 447 452 455 458 462 471 474 477 480 483 486 492 497 509 519 523 527 530 537 540 545 548 553 559 562 576 587 598 602 606 612 615 618 623 627 635 639 642 649 654 658 664 671 681 684 691 695 698 703 706 710 714 718 731 734 739 747 753 760 767 778 791 798 810 816 836 839 845 853 856 864 874 879 889 894 898 906 910 915 918 921 937 941 962 968 977 982 985 989 994 997 1002 1005 1013 1022 1034 1038 1048 1052 1056 1066 1069 1073 1082 1086 1091 1094 1103 1109 1123 1130 1137 1141 1144 1154 1157 1161 1168 1174 1182 1187 1196 1201 1215 1219 1223 1226 1229 1236 1240 1244 1247 1253 1256 1259 1262 1265 1271 1274 1278 1282 1287 1291 1297 1300 1303 1308 1311 1315 1326 1330 1335 1339 1344 1350 1356 1359 1364 1368 1371 1379 1386 1389 1394 1405 1408 1412 1416 1424 1428 1433 1437 1440 1443 1450 1454 1460 1463 1466 1469 1473 1478 1484 1488 1493 1499 1503 1506 1519 1525 1537 1543 1548 1551 1555 1561 1565 1570 1573 1578 1581 1585 1592 1595 1603 1606 1610 1618 1625 1634 1637 1648 1652 1655 1659 1674 1681 1684 1688 1695 1702 1707 1717 1724 1730 1736 1740 1743 1747 1750 1753 1756 1760 1763 1766 1769 1774 1780 1783 1792 1798 1804 1810 1814 1831 1839 1847 1850 1856 1866 1873 1876 1881 1886 1890 1893 1897 1900 1906 1919 1930 1935 1939 1944 1952 1955 1960 1967 1972 1984 1993
356
1 4 15 20 25 31 35 40 43 51 54 58 66 69 72 77 82 93 96 99 106 112 116 122 125 128 131 134 142 152 157 168 171 176 180 183 191 203 206 209 224 231 235 238 241 247 253 260 265 270 279 282 289 294 301 306 315 319 323 332 336 342 348 352 355 358 361 364 367 370 375 378 381 392 395 398 401 407 416 423 426 432 435 440 446 449 455 459 463 468 474 478 484 489 496 509 515 518 523 529 532 536 541 558 561 566 569 583 593 598 606 616 622 625 631 634 641 645 651 655 659 662 671 684 694 698 702 705 708 711 714 731 735 738 742 745 751 754 760 773 779 782 788 799 804 808 811 824 827 838 843 853 856 860 865 870 875 880 887 890 903 907 911 916 920 927 932 935 940 949 954 958 961 964 968 972 976 979 986 991 995 1004 1008 1012 1018 1021 1030 1041 1047 1050 1060 1064 1074 1077 1081 1086 1089 1093 1100 1109 1115 1119 1131 1135 1139 1143 1147 1151 1155 1159 1173 1177 1187 1203 1207 1211 1215 1223 1227 1230 1235 1239 1242 1245 1251 1257 1269 1274 1287 1297 1301 1306 1312 1315 1319 1325 1330 1334 1338 1342 1345 1365 1372 1377 1388 1392 1399 1405 1408 1411 1414 1419 1422 1431 1434 1440 1443 1450 1461 1467 1474 1477 1487 1494 1498 1509 1514 1520 1535 1538 1544 1550 1558 1562 1567 1573 1578 1582 1585 1589 1593 1596 1614 1617 1622 1626 1630 1635 1644 1647 1650 1655 1659 1663 1672 1675 1680 1683 1696 1703 1709 1712 1716 1721 1730 1733 1737 1741 1744 1749 1755 1758 1766 1769 1773 1776 1779 1787 1791 1794 1800 1803 1806 1811 1815 1818 1824 1827 1832 1836 1843 1846 1851 1860 1868 1871 1874 1887 1900 1905 1909 1912 1918 1925 1928 1931 1934 1942 1952 1958 1961 1964 1978 1982 1989 1995
394
5 9 13 18 21 24 34 38 41 45 48 51 56 59 64 75 78 81 87 96 102 111 115 119 125 128 131 135 145 148 152 155 158 162 167 171 177 185 188 193 199 206 210 214 218 228 235 242 245 249 253 256 260 264 268 273 277 281 286 289 295 300 306 314 317 321 324 335 338 344 355 362 365 369 372 378 382 385 397 400 404 410 413 426 430 434 440 448 451 458 461 464 467 473 478 483 486 492 498 502 509 515 518 522 525 530 533 541 546 549 552 556 559 562 567 570 574 580 597 605 611 614 617 621 626 632 636 644 648 651 656 660 663 667 671 679 683 688 691 697 712 715 718 731 735 739 742 748 751 754 758 761 765 773 776 782 787 792 795 802 807 810 814 818 823 826 831 836 839 848 851 855 860 866 869 881 884 887 890 896 901 905 916 919 922 929 932 938 941 944 948 952 957 961 967 970 973 977 981 984 987 990 993 997 1001 1006 1010 1014 1017 1021 1035 1040 1051 1056 1062 1067 1070 1074 1077 1080 1083 1088 1092 1098 1105 1111 1117 1120 1127 1131 1134 1138 1143 1157 1161 1165 1169 1175 1187 1191 1194 1199 1202 1206 1214 1217 1222 1225 1228 1231 1234 1238 1243 1247 1250 1257 1260 1267 1273 1284 1290 1294 1303 1308 1311 1315 1320 1325 1336 1339 1343 1356 1359 1364 1374 1377 1380 1383 1387 1391 1395 1406 1419 1426 1433 1444 1449 1454 1457 1460 1463 1466 1469 1472 1475 1483 1487 1495 1498 1504 1507 1510 1516 1524 1529 1532 1539 1547 1554 1559 1565 1570 1573 1577 1580 1583 1586 1590 1595 1609 1613 1618 1625 1631 1635 1650 1656 1660 1663 1670 1677 1683 1687 1694 1698 1703 1707 1715 1720 1723 1727 1730 1733 1736 1743 1747 1752 1758 1764 1772 1775 1778 1784 1787 1793 1799 1802 1806 1811 1820 1824 1828 1833 1836 1845 1849 1853 1856 1859 1865 1872 1879 1894 1900 1903 1908 1911 1919 1922 1927 1930 1933 1936 1939 1946 1953 1957 1962 1968 1973 1981 1985 1993 1998
397
2 7 11 22 27 34 39 43 47 50 55 58 63 69 73 80 83 89 94 97 101 104 109 113 116 119 125 128 131 142 146 150 155 162 165 171 175 180 185 189 194 198 206 209 214 218 221 224 227 234 247 252 257 262 268 271 275 279 282 289 295 302 307 310 316 319 323 326 332 335 344 351 356 362 366 371 383 386 389 401 404 407 417 420 423 427 431 436 439 442 447 451 454 457 460 465 472 477 480 485 488 491 496 501 504 508 511 518 522 526 530 533 536 542 548 551 555 560 563 566 573 578 582 588 591 600 605 614 621 625 630 634 637 643 646 651 654 660 663 666 670 673 676 682 685 690 694 697 703 707 711 714 717 721 725 734 738 741 744 749 754 757 760 763 768 771 776 779 782 785 790 795 798 801 805 808 812 816 821 825 831 835 838 844 850 857 861 869 873 876 884 893 902 906 911 915 920 926 931 935 947 951 955 966 969 972 976 979 987 990 994 999 1004 1008 1011 1017 1022 1025 1040 1058 1061 1067 1072 1080 1084 1089 1095 1098 1101 1104 1109 1113 1116 1119 1132 1136 1140 1145 1148 1152 1159 1167 1170 1175 1182 1187 1199 1202 1206 1209 1213 1221 1226 1231 1234 1245 1249 1257 1261 1266 1270 1277 1296 1304 1309 1317 1326 1331 1339 1351 1354 1357 1360 1365 1369 1377 1387 1393 1399 1402 1406 1410 1417 1424 1427 1431 1434 1443 1447 1450 1453 1462 1471 1477 1481 1491 1496 1504 1514 1518 1521 1524 1528 1536 1540 1547 1550 1561 1566 1572 1575 1578 1581 1585 1589 1592 1597 1600 1603 1606 1609 1612 1615 1618 1622 1626 1633 1637 1643 1652 1655 1664 1675 1681 1686 1689 1693 1696 1699 1703 1706 1712 1717 1723 1726 1729 1738 1744 1748 1752 1756 1763 1771 1774 1778 1781 1784 1788 1795 1800 1804 1810 1813 1816 1822 1826 1836 1840 1845 1849 1854 1858 1861 1865 1870 1874 1884 1888 1893 1904 1913 1920 1923 1927 1930 1934 1939 1943 1946 1949 1957 1962 1966 1983 1986 1995 1998
238
1 5 26 32 40 52 61 64 69 81 96 116 125 132 142 158 161 168 181 184 194 201 209 236 240 250 255 275 281 285 289 294 297 304 319 340 344 347 355 366 373 376 379 386 393 396 409 414 417 427 430 441 446 449 454 457 467 470 475 480 488 507 510 521 524 538 543 548 562 574 584 589 594 621 639 643 648 660 675 682 689 700 711 721 727 737 747 750 756 775 784 787 804 822 827 833 845 848 854 858 864 869 881 888 891 915 918 925 934 943 952 955 958 969 984 987 995 1004 1026 1038 1045 1053 1056 1062 1070 1086 1090 1104 1114 1117 1123 1133 1141 1149 1163 1171 1174 1177 1185 1191 1195 1202 1208 1213 1224 1227 1233 1238 1252 1267 1274 1287 1306 1310 1319 1331 1340 1350 1354 1363 1367 1375 1388 1395 1400 1423 1426 1441 1444 1490 1494 1497 1501 1506 1511 1518 1524 1527 1532 1535 1540 1544 1551 1554 1559 1579 1591 1597 1611 1614 1634 1658 1664 1667 1678 1686 1695 1702 1712 1722 1726 1729 1739 1744 1751 1755 1759 1770 1782 1786 1793 1798 1802 1805 1809 1824 1828 1831 1848 1864 1871 1884 1889 1893 1908 1912 1915 1920 1923 1932 1944 1960 1963 1967 1975 1985 1993 2000
357
7 13 18 27 32 35 40 47 50 54 57 64 71 77 80 84 87 92 98 101 110 114 123 127 141 146 151 156 161 165 176 183 191 195 210 215 227 230 234 240 243 246 257 262 268 274 280 289 302 312 317 322 325 328 333 337 345 353 361 366 369 376 380 383 386 392 403 409 427 430 434 438 445 449 454 461 468 476 481 485 489 498 501 508 512 516 523 528 531 534 537 541 550 553 558 563 567 573 576 582 589 592 595 599 605 609 618 623 633 638 641 645 648 654 659 665 668 673 679 685 696 699 702 706 711 715 720 726 733 740 744 748 755 761 768 778 787 792 795 800 804 807 815 825 828 835 845 851 856 861 871 879 884 889 894 905 910 914 919 925 929 933 938 941 945 953 957 961 964 967 970 976 986 991 997 1003 1006 1009 1014 1018 1021 1032 1035 1039 1048 1052 1057 1060 1066 1071 1074 1079 1094 1098 1107 1111 1117 1123 1127 1131 1135 1149 1153 1156 1163 1168 1171 1178 1181 1186 1191 1198 1201 1207 1210 1217 1222 1254 1258 1261 1264 1269 1273 1276 1284 1288 1294 1306 1312 1318 1324 1333 1336 1341 1347 1351 1357 1360 1370 1375 1378 1382 1385 1388 1391 1394 1398 1401 1404 1410 1414 1419 1423 1427 1433 1438 1442 1446 1450 1453 1457 1465 1469 1476 1480 1487 1492 1496 1499 1502 1505 1513 1517 1525 1532 1535 1542 1558 1562 1572 1576 1584 1589 1593 1600 1609 1615 1618 1621 1629 1632 1636 1648 1652 1663 1667 1670 1673 1678 1683 1687 1696 1703 1707 1712 1723 1727 1737 1747 1752 1758 1761 1767 1772 1777 1781 1784 1787 1791 1796 1806 1809 1812 1820 1824 1827 1831 1836 1844 1854 1858 1866 1870 1879 1884 1889 1894 1897 1909 1914 1917 1922 1929 1938 1944 1951 1955 1961 1964 1969 1972 1975 1978 1983 1989 1994 1999
235
3 13 23 28 32 43 51 56 59 72 76 86 95 99 105 116 120 135 140 144 149 152 155 162 188 192 207 213 229 234 237 240 266 277 294 299 314 321 338 344 356 388 392 395 398 424 428 434 440 449 455 461 465 472 477 481 491 499 509 515 518 542 545 561 566 570 577 588 610 617 623 626 629 633 649 657 671 684 687 692 700 703 706 722 732 743 751 760 771 777 795 811 815 824 869 873 884 896 904 907 917 926 929 940 948 957 964 967 977 988 998 1003 1008 1022 1026 1032 1035 1038 1045 1053 1060 1067 1070 1077 1084 1089 1093 1097 1115 1128 1132 1137 1155 1160 1169 1175 1180 1194 1199 1202 1208 1214 1217 1222 1228 1231 1236 1242 1252 1256 1263 1276 1283 1287 1295 1298 1303 1326 1332 1344 1355 1362 1368 1383 1403 1417 1428 1434 1439 1443 1450 1464 1467 1478 1488 1492 1501 1514 1519 1547 1566 1570 1573 1576 1583 1602 1606 1618 1628 1632 1635 1651 1654 1663 1669 1680 1688 1692 1699 1704 1707 1721 1725 1739 1744 1750 1760 1767 1773 1783 1788 1791 1805 1812 1815 1826 1845 1859 1869 1888 1891 1896 1905 1913 1922 1926 1934 1943 1947 1957 1960 1975 1978 1988 1998
336
1 9 15 20 26 36 39 42 46 49 52 65 70 76 83 93 102 105 120 125 130 135 138 141 147 151 167 171 181 184 191 196 201 207 213 218 222 225 238 247 257 261 269 273 290 297 305 313 317 324 327 330 337 344 350 358 373 376 379 382 387 390 393 396 400 405 425 430 433 437 458 463 467 473 483 486 489 498 508 511 518 522 538 542 545 551 554 559 566 572 575 592 595 599 608 611 620 623 626 629 641 648 653 659 662 669 674 679 684 690 695 698 703 706 712 715 722 731 734 741 748 753 757 762 767 770 779 789 795 804 809 815 819 823 829 836 842 846 849 854 859 863 866 880 885 891 901 908 913 917 923 927 933 937 943 946 953 963 970 979 987 992 995 1004 1013 1017 1021 1027 1031 1035 1042 1047 1050 1057 1063 1066 1071 1077 1081 1085 1091 1097 1101 1105 1117 1125 1139 1145 1154 1160 1166 1176 1181 1184 1188 1192 1202 1206 1212 1219 1223 1232 1235 1239 1243 1254 1257 1260 1264 1268 1274 1280 1285 1289 1296 1299 1305 1309 1312 1317 1320 1326 1332 1337 1352 1357 1361 1370 1378 1381 1386 1389 1392 1405 1408 1411 1415 1419 1423 1434 1441 1451 1461 1464 1469 1472 1476 1481 1485 1488 1494 1501 1507 1515 1522 1526 1529 1532 1552 1557 1565 1568 1575 1581 1588 1591 1595 1608 1611 1615 1626 1630 1645 1653 1658 1674 1677 1683 1687 1690 1693 1696 1700 1704 1708 1711 1715 1733 1738 1746 1753 1758 1761 1769 1773 1782 1785 1789 1792 1795 1799 1802 1806 1813 1819 1822 1825 1832 1836 1839 1848 1852 1855 1858 1866 1871 1875 1878 1882 1891 1898 1903 1908 1911 1915 1923 1931 1941 1946 1950 1954 1957 1975 1980 1984 1993
225
1 10 15 18 26 33 46 65 74 78 91 95 111 119 128 133 136 149 156 164 192 204 207 222 228 233 238 257 267 271 287 292 299 302 315 318 331 338 341 347 355 358 361 373 384 396 400 423 437 456 473 477 481 485 489 497 505 527 532 547 552 556 559 562 568 571 577 583 589 598 601 605 608 619 631 639 643 650 655 660 673 685 695 704 708 723 732 735 752 757 778 785 808 814 817 820 824 830 847 869 874 878 882 918 923 929 945 954 973 976 985 1000 1018 1041 1066 1069 1077 1092 1097 1104 1110 1120 1124 1129 1149 1159 1162 1165 1169 1173 1176 1182 1185 1190 1194 1197 1200 1204 1221 1225 1236 1251 1260 1272 1275 1291 1298 1304 1314 1337 1345 1350 1353 1357 1373 1384 1388 1392 1399 1409 1428 1435 1438 1445 1449 1453 1459 1474 1479 1483 1487 1501 1507 1512 1523 1534 1541 1546 1552 1562 1566 1572 1586 1593 1600 1604 1618 1626 1633 1638 1644 1649 1665 1671 1685 1692 1704 1712 1732 1744 1748 1751 1763 1774 1801 1804 1816 1822 1826 1832 1836 1846 1853 1864 1883 1894 1900 1903 1906 1912 1940 1957 1982 1990 1996
250
5 8 18 24 27 38 42 48 52 57 67 80 87 94 99 114 144 154 157 169 181 187 194 218 233 253 263 267 271 276 287 294 297 303 306 317 322 327 333 336 347 350 358 365 369 375 379 390 395 410 413 435 439 445 453 456 468 478 482 498 503 518 523 529 533 538 549 554 557 561 564 571 579 582 585 589 594 613 617 623 633 644 648 667 671 681 687 695 706 715 728 764 768 772 776 787 791 797 802 805 810 815 852 861 865 869 879 888 893 898 907 911 915 955 983 987 992 1000 1003 1006 1009 1018 1022 1027 1038 1041 1056 1060 1072 1080 1096 1100 1106 1111 1114 1121 1126 1134 1147 1150 1153 1159 1162 1169 1172 1180 1196 1221 1230 1248 1270 1273 1276 1280 1286 1290 1299 1308 1318 1323 1330 1339 1342 1348 1353 1358 1362 1369 1372 1375 1385 1389 1392 1406 1412 1439 1444 1458 1462 1475 1478 1487 1492 1533 1538 1561 1564 1574 1581 1584 1603 1611 1614 1631 1634 1638 1643 1656 1659 1663 1667 1670 1681 1687 1691 1704 1711 1721 1727 1736 1743 1749 1757 1761 1767 1776 1783 1788 1791 1794 1805 1808 1812 1819 1830 1836 1844 1847 1851 1860 1863 1870 1873 1877 1881 1898 1901 1908 1914 1917 1922 1925 1936 1965 1968 1971 1982 1985 1989 1996
357
2 8 12 16 19 24 29 37 41 46 54 58 64 67 70 73 79 86 92 95 99 104 112 118 122 125 128 137 142 145 152 157 163 172 176 179 187 191 199 203 211 218 221 231 234 240 243 253 257 264 267 273 277 280 284 289 298 308 311 317 329 338 351 354 360 366 372 379 382 389 392 395 408 419 426 430 435 445 449 458 465 470 474 477 480 483 486 491 499 504 511 514 518 522 528 538 543 547 550 556 559 565 575 583 588 593 600 605 614 619 622 625 644 647 650 653 659 665 679 688 697 702 714 717 723 727 731 734 747 750 757 764 769 773 780 789 792 800 804 811 814 821 825 828 833 837 847 852 861 866 869 874 880 883 897 900 906 910 918 922 925 933 937 941 947 954 957 961 964 973 977 980 988 991 998 1001 1004 1018 1025 1036 1040 1044 1058 1062 1070 1074 1079 1089 1093 1098 1106 1109 1115 1121 1124 1129 1132 1140 1143 1147 1152 1156 1163 1169 1178 1183 1186 1190 1194 1199 1205 1210 1214 1218 1222 1230 1233 1238 1242 1248 1251 1257 1264 1270 1275 1278 1286 1291 1300 1303 1308 1316 1322 1327 1330 1333 1336 1339 1344 1348 1357 1365 1370 1376 1379 1384 1387 1392 1396 1402 1406 1409 1414 1430 1437 1442 1450 1453 1458 1461 1468 1474 1480 1484 1489 1492 1495 1502 1507 1511 1514 1517 1529 1533 1537 1540 1553 1557 1562 1567 1577 1589 1594 1604 1611 1625 1629 1638 1642 1646 1652 1662 1667 1673 1676 1679 1683 1689 1692 1697 1700 1709 1714 1720 1724 1729 1734 1740 1743 1746 1751 1756 1759 1771 1775 1779 1783 1788 1791 1796 1806 1809 1813 1817 1821 1827 1833 1839 1843 1847 1854 1858 1862 1865 1871 1874 1878 1895 1899 1905 1909 1915 1919 1922 1936 1939 1947 1951 1954 1957 1962 1968 1971 1974 1981 1985 1990
297
1 5 10 16 21 24 27 31 34 41 44 56 62 69 73 79 83 90 94 98 102 108 113 116 129 137 146 149 157 160 164 171 183 199 202 205 209 212 220 226 238 244 250 253 256 261 267 271 276 280 294 298 304 309 312 323 335 338 341 345 353 357 361 366 372 378 385 388 399 406 432 447 455 459 462 465 474 479 483 492 504 508 514 520 525 533 539 556 573 578 592 595 600 609 612 616 624 627 635 638 642 646 650 654 660 666 674 681 693 698 705 708 715 720 734 745 751 755 762 767 772 775 783 793 796 802 809 822 831 835 844 860 866 869 872 876 887 892 902 915 919 923 926 933 938 945 949 958 963 988 996 1015 1023 1030 1036 1043 1058 1066 1072 1076 1087 1098 1111 1115 1128 1138 1142 1147 1150 1153 1158 1187 1200 1204 1222 1229 1238 1244 1257 1260 1263 1266 1269 1272 1278 1284 1287 1294 1300 1305 1317 1320 1323 1336 1339 1345 1349 1353 1358 1361 1371 1377 1381 1384 1387 1390 1393 1396 1400 1406 1415 1420 1424 1428 1448 1451 1454 1466 1475 1479 1488 1493 1496 1499 1503 1508 1513 1519 1524 1535 1540 1544 1547 1551 1567 1584 1589 1595 1600 1605 1610 1617 1631 1635 1638 1641 1645 1650 1653 1656 1675 1687 1695 1698 1701 1715 1719 1734 1739 1746 1752 1759 1767 1784 1789 1792 1799 1803 1808 1817 1820 1827 1831 1834 1840 1850 1857 1863 1872 1875 1891 1902 1905 1908 1911 1914 1918 1937 1943 1946 1955 1962 1966 1971 1978 1988 1991
282
6 10 17 20 27 37 48 56 60 63 68 71 74 80 84 89 95 98 104 115 118 125 128 134 140 146 150 155 158 162 166 171 182 186 189 193 205 209 215 219 230 237 246 255 276 287 295 302 312 316 319 325 330 337 351 357 360 367 393 398 406 421 424 427 432 436 439 442 453 457 463 468 474 478 490 494 499 502 506 516 523 540 548 561 567 573 576 589 592 596 599 602 621 630 642 648 651 654 661 669 678 682 686 711 714 720 724 728 731 741 762 768 794 808 813 819 825 828 831 834 843 847 850 866 870 881 885 888 891 899 904 915 934 939 944 956 965 969 975 980 985 995 1005 1009 1016 1021 1025 1034 1042 1062 1066 1071 1074 1077 1090 1098 1106 1110 1117 1120 1123 1128 1131 1138 1141 1145 1148 1161 1176 1179 1199 1208 1218 1224 1227 1230 1235 1238 1241 1246 1258 1264 1270 1274 1286 1302 1316 1328 1340 1344 1359 1363 1369 1372 1382 1387 1394 1402 1405 1408 1412 1416 1423 1427 1430 1434 1444 1447 1454 1462 1467 1479 1491 1504 1524 1527 1540 1549 1560 1563 1575 1584 1588 1592 1603 1621 1627 1636 1643 1647 1652 1658 1675 1680 1683 1689 1693 1697 1704 1707 1711 1714 1719 1737 1742 1749 1762 1766 1771 1777 1780 1785 1789 1802 1805 1815 1820 1824 1828 1832 1841 1844 1847 1859 1864 1867 1871 1876 1881 1894 1910 1913 1918 1939 1943 1955 1969 1983 1990 1994 1997 2000
313
5 10 15 23 32 39 42 49 53 66 70 74 79 82 94 100 109 124 127 131 149 152 155 168 175 178 181 187 190 195 198 201 206 214 219 226 232 244 248 261 265 272 277 281 285 291 297 312 316 319 323 326 330 334 339 346 355 358 362 366 371 374 380 389 398 405 408 411 418 424 433 438 441 446 451 462 469 472 478 489 495 502 505 508 512 518 528 534 546 550 556 561 566 576 579 593 597 600 603 610 615 618 630 635 640 643 654 657 661 665 673 676 685 692 696 700 707 710 713 722 726 732 736 745 748 759 765 768 772 780 785 790 793 796 799 806 812 824 828 832 837 850 856 860 863 873 876 879 892 900 914 920 928 931 938 948 954 957 961 973 978 986 990 996 1005 1016 1021 1033 1038 1042 1055 1068 1071 1075 1078 1084 1090 1103 1107 1120 1136 1144 1148 1151 1156 1164 1168 1178 1181 1184 1187 1194 1197 1200 1203 1208 1212 1218 1222 1225 1228 1246 1251 1279 1285 1288 1292 1303 1317 1322 1328 1335 1339 1345 1348 1352 1356 1370 1373 1379 1390 1400 1406 1410 1427 1430 1435 1438 1447 1454 1460 1463 1468 1472 1477 1482 1490 1496 1500 1504 1509 1515 1522 1536 1539 1543 1546 1550 1560 1570 1574 1579 1586 1593 1603 1614 1619 1627 1631 1642 1647 1650 1653 1657 1663 1669 1673 1681 1687 1704 1709 1714 1721 1724 1728 1735 1741 1745 1749 1758 1767 1780 1787 1790 1794 1798 1806 1813 1816 1822 1831 1836 1846 1854 1860 1872 1878 1885 1888 1895 1898 1903 1915 1930 1941 1949 1953 1968 1971 1978 1982 1992 1995
