10 2
0 4 8 3 13 9 7 12 10 6
4 0 9 4 14 11 7 12 12 4
8 9 0 7 6 6 5 6 7 8
3 4 7 0 11 9 5 10 10 4
13 14 6 11 0 9 8 3 10 11
9 11 6 9 9 0 9 10 2 11
7 7 5 5 8 9 0 6 10 5
12 12 6 10 3 10 6 0 11 10
10 12 7 10 10 2 10 11 0 12
6 4 8 4 11 11 5 10 12 0
27
4 7 11 19 21 34 45 63 65 71 83 91 93 101 103 106 108 115 130 138 140 144 155 160 171 181 185
29
6 8 11 15 23 26 42 49 58 61 66 70 92 95 98 111 113 126 128 138 140 143 150 157 168 180 190 193 195
36
7 9 11 14 19 31 42 46 48 50 55 62 76 82 94 97 105 110 112 131 135 137 139 145 150 153 155 158 162 168 173 175 181 190 192 194
26
3 7 11 15 19 29 36 46 48 58 60 78 86 101 124 128 131 140 148 159 163 166 182 188 191 194
22
6 15 25 33 50 55 57 67 69 73 82 101 109 115 133 140 145 164 166 179 190 196
24
8 12 27 31 34 39 49 76 88 94 98 101 113 121 125 134 143 149 159 162 167 184 190 193
25
2 9 12 19 21 47 53 65 70 87 97 99 112 115 124 127 131 133 139 145 150 162 166 181 199
32
1 9 18 24 26 30 34 37 41 43 49 51 55 58 75 92 94 96 102 104 121 134 145 148 161 164 175 177 186 190 198 200
16
8 49 80 93 96 108 122 155 158 162 174 180 182 189 191 199
28
1 9 25 30 34 46 51 58 70 78 84 97 99 102 104 110 116 129 144 151 154 159 165 170 182 186 194 196
